1.2
1.19991
1.19982
1.19973
1.19963
1.19953
1.19942
1.19932
1.19921
1.19911
1.199
1.19889
1.19878
1.19867
1.19856
1.19845
1.19833
1.19822
1.19811
1.19799
1.19788
1.19776
1.19764
1.19753
1.19741
1.19729
1.19717
1.19706
1.19694
1.19682
1.1967
1.19658
1.19646
1.19634
1.19622
1.19609
1.19597
1.19585
1.19573
1.19561
1.19548
1.19536
1.19524
1.19512
1.19499
1.19487
1.19474
1.19462
1.1945
1.19437
1.19425
1.19412
1.194
1.19387
1.19375
1.19362
1.19349
1.19337
1.19324
1.19312
1.19299
1.19286
1.19273
1.19261
1.19248
1.19235
1.19223
1.1921
1.19197
1.19184
1.19172
1.19159
1.19146
1.19133
1.1912
1.19107
1.19094
1.19082
1.19069
1.19056
1.19043
1.1903
1.19017
1.19004
1.18991
1.18978
1.18965
1.18952
1.18939
1.18926
1.18913
1.189
1.18887
1.18874
1.18861
1.18848
1.18835
1.18822
1.18809
1.18796
1.18783
1.1877
1.18757
1.18743
1.1873
1.18717
1.18704
1.18691
1.18678
1.18665
1.18652
1.18638
1.18625
1.18612
1.18599
1.18586
1.18573
1.18559
1.18546
1.18533
1.1852
1.18507
1.18493
1.1848
1.18467
1.18454
1.1844
1.18427
1.18414
1.18401
1.18388
1.18374
1.18361
1.18348
1.18335
1.18321
1.18308
1.18295
1.18281
1.18268
1.18255
1.18242
1.18228
1.18215
1.18202
1.18188
1.18175
1.18162
1.18148
1.18135
1.18122
1.18109
1.18095
1.18082
1.18069
1.18055
1.18042
1.18029
1.18015
1.18002
1.17989
1.17975
1.17962
1.17949
1.17935
1.17922
1.17909
1.17895
1.17882
1.17869
1.17855
1.17842
1.17828
1.17815
1.17802
1.17788
1.17775
1.17762
1.17748
1.17735
1.17722
1.17708
1.17695
1.17681
1.17668
1.17655
1.17641
1.17628
1.17615
1.17601
1.17588
1.17575
1.17561
1.17548
1.17534
1.17521
1.17508
1.17494
1.17481
1.17468
1.17454
1.17441
1.17427
1.17414
1.17401
1.17387
1.17374
1.17361
1.17347
1.17334
1.1732
1.17307
1.17294
1.1728
1.17267
1.17254
1.1724
1.17227
1.17213
1.172
1.17187
1.17173
1.1716
1.17147
1.17133
1.1712
1.17106
1.17093
1.1708
1.17066
1.17053
1.1704
1.17026
1.17013
1.17
1.16986
1.16973
1.16959
1.16946
1.16933
1.16919
1.16906
1.16893
1.16879
1.16866
1.16853
1.16839
1.16826
1.16813
1.16799
1.16786
1.16773
1.16759
1.16746
1.16733
1.16719
1.16706
1.16693
1.16679
1.16666
1.16653
1.16639
1.16626
1.16613
1.16599
1.16586
1.16573
1.16559
1.16546
1.16533
1.16519
1.16506
1.16493
1.16479
1.16466
1.16453
1.16439
1.16426
1.16413
1.164
1.16386
1.16373
1.1636
1.16346
1.16333
1.1632
1.16307
1.16293
1.1628
1.16267
1.16253
1.1624
1.16227
1.16214
1.162
1.16187
1.16174
1.16161
1.16147
1.16134
1.16121
1.16108
1.16094
1.16081
1.16068
1.16055
1.16041
1.16028
1.16015
1.16002
1.15988
1.15975
1.15962
1.15949
1.15936
1.15922
1.15909
1.15896
1.15883
1.15869
1.15856
1.15843
1.1583
1.15817
1.15803
1.1579
1.15777
1.15764
1.15751
1.15738
1.15724
1.15711
1.15698
1.15685
1.15672
1.15659
1.15645
1.15632
1.15619
1.15606
1.15593
1.1558
1.15566
1.15553
1.1554
1.15527
1.15514
1.15501
1.15488
1.15475
1.15461
1.15448
1.15435
1.15422
1.15409
1.15396
1.15383
1.1537
1.15357
1.15343
1.1533
1.15317
1.15304
1.15291
1.15278
1.15265
1.15252
1.15239
1.15226
1.15213
1.152
1.15187
1.15174
1.15161
1.15148
1.15134
1.15121
1.15108
1.15095
1.15082
1.15069
1.15056
1.15043
1.1503
1.15017
1.15004
1.14991
1.14978
1.14965
1.14952
1.14939
1.14926
1.14913
1.149
1.14887
1.14874
1.14861
1.14848
1.14835
1.14823
1.1481
1.14797
1.14784
1.14771
1.14758
1.14745
1.14732
1.14719
1.14706
1.14693
1.1468
1.14667
1.14654
1.14641
1.14629
1.14616
1.14603
1.1459
1.14577
1.14564
1.14551
1.14538
1.14525
1.14513
1.145
1.14487
1.14474
1.14461
1.14448
1.14435
1.14423
1.1441
1.14397
1.14384
1.14371
1.14358
1.14346
1.14333
1.1432
1.14307
1.14294
1.14282
1.14269
1.14256
1.14243
1.1423
1.14218
1.14205
1.14192
1.14179
1.14166
1.14154
1.14141
1.14128
1.14115
1.14103
1.1409
1.14077
1.14064
1.14052
1.14039
1.14026
1.14014
1.14001
1.13988
1.13975
1.13963
1.1395
1.13937
1.13925
1.13912
1.13899
1.13887
1.13874
1.13861
1.13849
1.13836
1.13823
1.13811
1.13798
1.13785
1.13773
1.1376
1.13747
1.13735
1.13722
1.13709
1.13697
1.13684
1.13672
1.13659
1.13646
1.13634
1.13621
1.13609
1.13596
1.13583
1.13571
1.13558
1.13546
1.13533
1.13521
1.13508
1.13495
1.13483
1.1347
1.13458
1.13445
1.13433
1.1342
1.13408
1.13395
1.13383
1.1337
1.13358
1.13345
1.13333
1.1332
1.13308
1.13295
1.13283
1.1327
1.13258
1.13245
1.13233
1.1322
1.13208
1.13195
1.13183
1.13171
1.13158
1.13146
1.13133
1.13121
1.13108
1.13096
1.13084
1.13071
1.13059
1.13046
1.13034
1.13022
1.13009
1.12997
1.12984
1.12972
1.1296
1.12947
1.12935
1.12923
1.1291
1.12898
1.12886
1.12873
1.12861
1.12849
1.12836
1.12824
1.12812
1.12799
1.12787
1.12775
1.12762
1.1275
1.12738
1.12726
1.12713
1.12701
1.12689
1.12677
1.12664
1.12652
1.1264
1.12627
1.12615
1.12603
1.12591
1.12579
1.12566
1.12554
1.12542
1.1253
1.12517
1.12505
1.12493
1.12481
1.12469
1.12456
1.12444
1.12432
1.1242
1.12408
1.12396
1.12383
1.12371
1.12359
1.12347
1.12335
1.12323
1.12311
1.12299
1.12286
1.12274
1.12262
1.1225
1.12238
1.12226
1.12214
1.12202
1.1219
1.12177
1.12165
1.12153
1.12141
1.12129
1.12117
1.12105
1.12093
1.12081
1.12069
1.12057
1.12045
1.12033
1.12021
1.12009
1.11997
1.11985
1.11973
1.11961
1.11949
1.11937
1.11925
1.11913
1.11901
1.11889
1.11877
1.11865
1.11853
1.11841
1.11829
1.11817
1.11805
1.11793
1.11781
1.1177
1.11758
1.11746
1.11734
1.11722
1.1171
1.11698
1.11686
1.11674
1.11662
1.11651
1.11639
1.11627
1.11615
1.11603
1.11591
1.11579
1.11568
1.11556
1.11544
1.11532
1.1152
1.11508
1.11497
1.11485
1.11473
1.11461
1.11449
1.11438
1.11426
1.11414
1.11402
1.11391
1.11379
1.11367
1.11355
1.11343
1.11332
1.1132
1.11308
1.11297
1.11285
1.11273
1.11261
1.1125
1.11238
1.11226
1.11215
1.11203
1.11191
1.11179
1.11168
1.11156
1.11144
1.11133
1.11121
1.11109
1.11098
1.11086
1.11074
1.11063
1.11051
1.1104
1.11028
1.11016
1.11005
1.10993
1.10981
1.1097
1.10958
1.10947
1.10935
1.10924
1.10912
1.109
1.10889
1.10877
1.10866
1.10854
1.10843
1.10831
1.1082
1.10808
1.10796
1.10785
1.10773
1.10762
1.1075
1.10739
1.10727
1.10716
1.10704
1.10693
1.10681
1.1067
1.10659
1.10647
1.10636
1.10624
1.10613
1.10601
1.1059
1.10578
1.10567
1.10555
1.10544
1.10533
1.10521
1.1051
1.10498
1.10487
1.10476
1.10464
1.10453
1.10441
1.1043
1.10419
1.10407
1.10396
1.10385
1.10373
1.10362
1.10351
1.10339
1.10328
1.10317
1.10305
1.10294
1.10283
1.10271
1.1026
1.10249
1.10237
1.10226
1.10215
1.10204
1.10192
1.10181
1.1017
1.10159
1.10147
1.10136
1.10125
1.10114
1.10102
1.10091
1.1008
1.10069
1.10057
1.10046
1.10035
1.10024
1.10013
1.10001
1.0999
1.09979
1.09968
1.09957
1.09946
1.09934
1.09923
1.09912
1.09901
1.0989
1.09879
1.09868
1.09856
1.09845
1.09834
1.09823
1.09812
1.09801
1.0979
1.09779
1.09768
1.09757
1.09745
1.09734
1.09723
1.09712
1.09701
1.0969
1.09679
1.09668
1.09657
1.09646
1.09635
1.09624
1.09613
1.09602
1.09591
1.0958
1.09569
1.09558
1.09547
1.09536
1.09525
1.09514
1.09503
1.09492
1.09481
1.0947
1.09459
1.09448
1.09437
1.09426
1.09415
1.09404
1.09394
1.09383
1.09372
1.09361
1.0935
1.09339
1.09328
1.09317
1.09306
1.09295
1.09285
1.09274
1.09263
1.09252
1.09241
1.0923
1.09219
1.09209
1.09198
1.09187
1.09176
1.09165
1.09154
1.09144
1.09133
1.09122
1.09111
1.091
1.0909
1.09079
1.09068
1.09057
1.09047
1.09036
1.09025
1.09014
1.09004
1.08993
1.08982
1.08971
1.08961
1.0895
1.08939
1.08928
1.08918
1.08907
1.08896
1.08886
1.08875
1.08864
1.08854
1.08843
1.08832
1.08822
1.08811
1.088
1.0879
1.08779
1.08768
1.08758
1.08747
1.08736
1.08726
1.08715
1.08705
1.08694
1.08683
1.08673
1.08662
1.08652
1.08641
1.0863
1.0862
1.08609
1.08599
1.08588
1.08578
1.08567
1.08557
1.08546
1.08535
1.08525
1.08514
1.08504
1.08493
1.08483
1.08472
1.08462
1.08451
1.08441
1.0843
1.0842
1.08409
1.08399
1.08389
1.08378
1.08368
1.08357
1.08347
1.08336
1.08326
1.08315
1.08305
1.08295
1.08284
1.08274
1.08263
1.08253
1.08242
1.08232
1.08222
1.08211
1.08201
1.08191
1.0818
1.0817
1.08159
1.08149
1.08139
1.08128
1.08118
1.08108
1.08097
1.08087
1.08077
1.08066
1.08056
1.08046
1.08036
1.08025
1.08015
1.08005
1.07994
1.07984
1.07974
1.07964
1.07953
1.07943
1.07933
1.07923
1.07912
1.07902
1.07892
1.07882
1.07871
1.07861
1.07851
1.07841
1.07831
1.0782
1.0781
1.078
1.0779
1.0778
1.07769
1.07759
1.07749
1.07739
1.07729
1.07719
1.07708
1.07698
1.07688
1.07678
1.07668
1.07658
1.07648
1.07638
1.07627
1.07617
1.07607
1.07597
1.07587
1.07577
1.07567
1.07557
1.07547
1.07537
1.07527
1.07517
1.07507
1.07497
1.07486
1.07476
1.07466
1.07456
1.07446
1.07436
1.07426
1.07416
1.07406
1.07396
1.07386
1.07376
1.07366
1.07356
1.07346
1.07336
1.07326
1.07316
1.07307
1.07297
1.07287
1.07277
1.07267
1.07257
1.07247
1.07237
1.07227
1.07217
1.07207
1.07197
1.07187
1.07178
1.07168
1.07158
1.07148
1.07138
1.07128
1.07118
1.07108
1.07099
1.07089
1.07079
1.07069
1.07059
1.07049
1.0704
1.0703
1.0702
1.0701
1.07
1.0699
1.06981
1.06971
1.06961
1.06951
1.06942
1.06932
1.06922
1.06912
1.06902
1.06893
1.06883
1.06873
1.06863
1.06854
1.06844
1.06834
1.06825
1.06815
1.06805
1.06795
1.06786
1.06776
1.06766
1.06757
1.06747
1.06737
1.06728
1.06718
1.06708
1.06699
1.06689
1.06679
1.0667
1.0666
1.0665
1.06641
1.06631
1.06622
1.06612
1.06602
1.06593
1.06583
1.06573
1.06564
1.06554
1.06545
1.06535
1.06526
1.06516
1.06506
1.06497
1.06487
1.06478
1.06468
1.06459
1.06449
1.0644
1.0643
1.06421
1.06411
1.06401
1.06392
1.06382
1.06373
1.06363
1.06354
1.06344
1.06335
1.06326
1.06316
1.06307
1.06297
1.06288
1.06278
1.06269
1.06259
1.0625
1.0624
1.06231
1.06222
1.06212
1.06203
1.06193
1.06184
1.06175
1.06165
1.06156
1.06146
1.06137
1.06128
1.06118
1.06109
1.06099
1.0609
1.06081
1.06071
1.06062
1.06053
1.06043
1.06034
1.06025
1.06015
1.06006
1.05997
1.05987
1.05978
1.05969
1.0596
1.0595
1.05941
1.05932
1.05922
1.05913
1.05904
1.05895
1.05885
1.05876
1.05867
1.05858
1.05848
1.05839
1.0583
1.05821
1.05811
1.05802
1.05793
1.05784
1.05775
1.05765
1.05756
1.05747
1.05738
1.05729
1.05719
1.0571
1.05701
1.05692
1.05683
1.05674
1.05665
1.05655
1.05646
1.05637
1.05628
1.05619
1.0561
1.05601
1.05592
1.05582
1.05573
1.05564
1.05555
1.05546
1.05537
1.05528
1.05519
1.0551
1.05501
1.05492
1.05483
1.05473
1.05464
1.05455
1.05446
1.05437
1.05428
1.05419
1.0541
1.05401
1.05392
1.05383
1.05374
1.05365
1.05356
1.05347
1.05338
1.05329
1.0532
1.05311
1.05302
1.05293
1.05284
1.05275
1.05267
1.05258
1.05249
1.0524
1.05231
1.05222
1.05213
1.05204
1.05195
1.05186
1.05177
1.05168
1.0516
1.05151
1.05142
1.05133
1.05124
1.05115
1.05106
1.05097
1.05089
1.0508
1.05071
1.05062
1.05053
1.05044
1.05036
1.05027
1.05018
1.05009
1.05
1.04991
1.04983
1.04974
1.04965
1.04956
1.04947
1.04939
1.0493
1.04921
1.04912
1.04904
1.04895
1.04886
1.04877
1.04869
1.0486
1.04851
1.04842
1.04834
1.04825
1.04816
1.04808
1.04799
1.0479
1.04781
1.04773
1.04764
1.04755
1.04747
1.04738
1.04729
1.04721
1.04712
1.04703
1.04695
1.04686
1.04677
1.04669
1.0466
1.04651
1.04643
1.04634
1.04626
1.04617
1.04608
1.046
1.04591
1.04583
1.04574
1.04565
1.04557
1.04548
1.0454
1.04531
1.04522
1.04514
1.04505
1.04497
1.04488
1.0448
1.04471
1.04463
1.04454
1.04446
1.04437
1.04429
1.0442
1.04412
1.04403
1.04395
1.04386
1.04378
1.04369
1.04361
1.04352
1.04344
1.04335
1.04327
1.04318
1.0431
1.04301
1.04293
1.04284
1.04276
1.04268
1.04259
1.04251
1.04242
1.04234
1.04225
1.04217
1.04209
1.042
1.04192
1.04183
1.04175
1.04167
1.04158
1.0415
1.04142
1.04133
1.04125
1.04116
1.04108
1.041
1.04091
1.04083
1.04075
1.04066
1.04058
1.0405
1.04041
1.04033
1.04025
1.04017
1.04008
1.04
1.03992
1.03983
1.03975
1.03967
1.03959
1.0395
1.03942
1.03934
1.03925
1.03917
1.03909
1.03901
1.03892
1.03884
1.03876
1.03868
1.0386
1.03851
1.03843
1.03835
1.03827
1.03819
1.0381
1.03802
1.03794
1.03786
1.03778
1.03769
1.03761
1.03753
1.03745
1.03737
1.03729
1.0372
1.03712
1.03704
1.03696
1.03688
1.0368
1.03672
1.03664
1.03655
1.03647
1.03639
1.03631
1.03623
1.03615
1.03607
1.03599
1.03591
1.03583
1.03574
1.03566
1.03558
1.0355
1.03542
1.03534
1.03526
1.03518
1.0351
1.03502
1.03494
1.03486
1.03478
1.0347
1.03462
1.03454
1.03446
1.03438
1.0343
1.03422
1.03414
1.03406
1.03398
1.0339
1.03382
1.03374
1.03366
1.03358
1.0335
1.03342
1.03334
1.03326
1.03318
1.0331
1.03303
1.03295
1.03287
1.03279
1.03271
1.03263
1.03255
1.03247
1.03239
1.03231
1.03223
1.03216
1.03208
1.032
1.03192
1.03184
1.03176
1.03168
1.03161
1.03153
1.03145
1.03137
1.03129
1.03121
1.03113
1.03106
1.03098
1.0309
1.03082
1.03074
1.03067
1.03059
1.03051
1.03043
1.03035
1.03028
1.0302
1.03012
1.03004
1.02997
1.02989
1.02981
1.02973
1.02966
1.02958
1.0295
1.02942
1.02935
1.02927
1.02919
1.02911
1.02904
1.02896
1.02888
1.02881
1.02873
1.02865
1.02857
1.0285
1.02842
1.02834
1.02827
1.02819
1.02811
1.02804
1.02796
1.02788
1.02781
1.02773
1.02765
1.02758
1.0275
1.02743
1.02735
1.02727
1.0272
1.02712
1.02704
1.02697
1.02689
1.02682
1.02674
1.02667
1.02659
1.02651
1.02644
1.02636
1.02629
1.02621
1.02613
1.02606
1.02598
1.02591
1.02583
1.02576
1.02568
1.02561
1.02553
1.02546
1.02538
1.02531
1.02523
1.02516
1.02508
1.02501
1.02493
1.02486
1.02478
1.02471
1.02463
1.02456
1.02448
1.02441
1.02433
1.02426
1.02418
1.02411
1.02403
1.02396
1.02389
1.02381
1.02374
1.02366
1.02359
1.02351
1.02344
1.02337
1.02329
1.02322
1.02314
1.02307
1.023
1.02292
1.02285
1.02277
1.0227
1.02263
1.02255
1.02248
1.02241
1.02233
1.02226
1.02218
1.02211
1.02204
1.02196
1.02189
1.02182
1.02174
1.02167
1.0216
1.02153
1.02145
1.02138
1.02131
1.02123
1.02116
1.02109
1.02101
1.02094
1.02087
1.0208
1.02072
1.02065
1.02058
1.02051
1.02043
1.02036
1.02029
1.02022
1.02014
1.02007
1.02
1.01993
1.01985
1.01978
1.01971
1.01964
1.01957
1.01949
1.01942
1.01935
1.01928
1.01921
1.01913
1.01906
1.01899
1.01892
1.01885
1.01878
1.0187
1.01863
1.01856
1.01849
1.01842
1.01835
1.01827
1.0182
1.01813
1.01806
1.01799
1.01792
1.01785
1.01778
1.01771
1.01763
1.01756
1.01749
1.01742
1.01735
1.01728
1.01721
1.01714
1.01707
1.017
1.01693
1.01686
1.01679
1.01671
1.01664
1.01657
1.0165
1.01643
1.01636
1.01629
1.01622
1.01615
1.01608
1.01601
1.01594
1.01587
1.0158
1.01573
1.01566
1.01559
1.01552
1.01545
1.01538
1.01531
1.01524
1.01517
1.0151
1.01503
1.01496
1.01489
1.01483
1.01476
1.01469
1.01462
1.01455
1.01448
1.01441
1.01434
1.01427
1.0142
1.01413
1.01406
1.01399
1.01393
1.01386
1.01379
1.01372
1.01365
1.01358
1.01351
1.01344
1.01337
1.01331
1.01324
1.01317
1.0131
1.01303
1.01296
1.0129
1.01283
1.01276
1.01269
1.01262
1.01255
1.01249
1.01242
1.01235
1.01228
1.01221
1.01214
1.01208
1.01201
1.01194
1.01187
1.01181
1.01174
1.01167
1.0116
1.01153
1.01147
1.0114
1.01133
1.01126
1.0112
1.01113
1.01106
1.01099
1.01093
1.01086
1.01079
1.01073
1.01066
1.01059
1.01052
1.01046
1.01039
1.01032
1.01026
1.01019
1.01012
1.01005
1.00999
1.00992
1.00985
1.00979
1.00972
1.00965
1.00959
1.00952
1.00945
1.00939
1.00932
1.00926
1.00919
1.00912
1.00906
1.00899
1.00892
1.00886
1.00879
1.00873
1.00866
1.00859
1.00853
1.00846
1.0084
1.00833
1.00826
1.0082
1.00813
1.00807
1.008
1.00793
1.00787
1.0078
1.00774
1.00767
1.00761
1.00754
1.00748
1.00741
1.00735
1.00728
1.00721
1.00715
1.00708
1.00702
1.00695
1.00689
1.00682
1.00676
1.00669
1.00663
1.00656
1.0065
1.00643
1.00637
1.0063
1.00624
1.00617
1.00611
1.00605
1.00598
1.00592
1.00585
1.00579
1.00572
1.00566
1.00559
1.00553
1.00547
1.0054
1.00534
1.00527
1.00521
1.00514
1.00508
1.00502
1.00495
1.00489
1.00482
1.00476
1.0047
1.00463
1.00457
1.00451
1.00444
1.00438
1.00431
1.00425
1.00419
1.00412
1.00406
1.004
1.00393
1.00387
1.00381
1.00374
1.00368
1.00362
1.00355
1.00349
1.00343
1.00336
1.0033
1.00324
1.00317
1.00311
1.00305
1.00299
1.00292
1.00286
1.0028
1.00273
1.00267
1.00261
1.00255
1.00248
1.00242
1.00236
1.0023
1.00223
1.00217
1.00211
1.00205
1.00198
1.00192
1.00186
1.0018
1.00173
1.00167
1.00161
1.00155
1.00149
1.00142
1.00136
1.0013
1.00124
1.00118
1.00111
1.00105
1.00099
1.00093
1.00087
1.0008
1.00074
1.00068
1.00062
1.00056
1.0005
1.00043
1.00037
1.00031
1.00025
1.00019
1.00013
1.00007
1.00001
0.999944
0.999883
0.999822
0.999761
0.9997
0.999639
0.999578
0.999517
0.999456
0.999395
0.999334
0.999273
0.999212
0.999151
0.999091
0.99903
0.998969
0.998909
0.998848
0.998787
0.998727
0.998666
0.998606
0.998545
0.998485
0.998425
0.998364
0.998304
0.998244
0.998184
0.998123
0.998063
0.998003
0.997943
0.997883
0.997823
0.997763
0.997703
0.997643
0.997583
0.997523
0.997463
0.997404
0.997344
0.997284
0.997224
0.997165
0.997105
0.997045
0.996986
0.996926
0.996867
0.996807
0.996748
0.996689
0.996629
0.99657
0.996511
0.996451
0.996392
0.996333
0.996274
0.996215
0.996156
0.996097
0.996038
0.995979
0.99592
0.995861
0.995802
0.995743
0.995684
0.995625
0.995567
0.995508
0.995449
0.99539
0.995332
0.995273
0.995215
0.995156
0.995098
0.995039
0.994981
0.994922
0.994864
0.994806
0.994747
0.994689
0.994631
0.994573
0.994515
0.994456
0.994398
0.99434
0.994282
0.994224
0.994166
0.994108
0.99405
0.993993
0.993935
0.993877
0.993819
0.993761
0.993704
0.993646
0.993588
0.993531
0.993473
0.993416
0.993358
0.993301
0.993243
0.993186
0.993129
0.993071
0.993014
0.992957
0.992899
0.992842
0.992785
0.992728
0.992671
0.992614
0.992557
0.9925
0.992443
0.992386
0.992329
0.992272
0.992215
0.992158
0.992101
0.992045
0.991988
0.991931
0.991874
0.991818
0.991761
0.991705
0.991648
0.991592
0.991535
0.991479
0.991422
0.991366
0.99131
0.991253
0.991197
0.991141
0.991085
0.991028
0.990972
0.990916
0.99086
0.990804
0.990748
0.990692
0.990636
0.99058
0.990524
0.990468
0.990413
0.990357
0.990301
0.990245
0.99019
0.990134
0.990078
0.990023
0.989967
0.989912
0.989856
0.989801
0.989745
0.98969
0.989634
0.989579
0.989524
0.989468
0.989413
0.989358
0.989303
0.989247
0.989192
0.989137
0.989082
0.989027
0.988972
0.988917
0.988862
0.988807
0.988752
0.988698
0.988643
0.988588
0.988533
0.988478
0.988424
0.988369
0.988315
0.98826
0.988205
0.988151
0.988096
0.988042
0.987987
0.987933
0.987879
0.987824
0.98777
0.987716
0.987661
0.987607
0.987553
0.987499
0.987445
0.987391
0.987337
0.987282
0.987228
0.987174
0.987121
0.987067
0.987013
0.986959
0.986905
0.986851
0.986798
0.986744
0.98669
0.986636
0.986583
0.986529
0.986476
0.986422
0.986369
0.986315
0.986262
0.986208
0.986155
0.986101
0.986048
0.985995
0.985942
0.985888
0.985835
0.985782
0.985729
0.985676
0.985623
0.98557
0.985516
0.985464
0.985411
0.985358
0.985305
0.985252
0.985199
0.985146
0.985093
0.985041
0.984988
0.984935
0.984883
0.98483
0.984777
0.984725
0.984672
0.98462
0.984567
0.984515
0.984462
0.98441
0.984358
0.984305
0.984253
0.984201
0.984149
0.984096
0.984044
0.983992
0.98394
0.983888
0.983836
0.983784
0.983732
0.98368
0.983628
0.983576
0.983524
0.983472
0.98342
0.983369
0.983317
0.983265
0.983213
0.983162
0.98311
0.983058
0.983007
0.982955
0.982904
0.982852
0.982801
0.982749
0.982698
0.982647
0.982595
0.982544
0.982493
0.982442
0.98239
0.982339
0.982288
0.982237
0.982186
0.982135
0.982084
0.982033
0.981982
0.981931
0.98188
0.981829
0.981778
0.981727
0.981676
0.981626
0.981575
0.981524
0.981473
0.981423
0.981372
0.981321
0.981271
0.98122
0.98117
0.981119
0.981069
0.981018
0.980968
0.980918
0.980867
0.980817
0.980767
0.980716
0.980666
0.980616
0.980566
0.980516
0.980466
0.980416
0.980366
0.980316
0.980266
0.980216
0.980166
0.980116
0.980066
0.980016
0.979966
0.979916
0.979867
0.979817
0.979767
0.979718
0.979668
0.979618
0.979569
0.979519
0.97947
0.97942
0.979371
0.979321
0.979272
0.979222
0.979173
0.979124
0.979074
0.979025
0.978976
0.978927
0.978877
0.978828
0.978779
0.97873
0.978681
0.978632
0.978583
0.978534
0.978485
0.978436
0.978387
0.978338
0.978289
0.978241
0.978192
0.978143
0.978094
0.978046
0.977997
0.977948
0.9779
0.977851
0.977803
0.977754
0.977706
0.977657
0.977609
0.97756
0.977512
0.977463
0.977415
0.977367
0.977319
0.97727
0.977222
0.977174
0.977126
0.977078
0.977029
0.976981
0.976933
0.976885
0.976837
0.976789
0.976741
0.976693
0.976646
0.976598
0.97655
0.976502
0.976454
0.976407
0.976359
0.976311
0.976263
0.976216
0.976168
0.976121
0.976073
0.976026
0.975978
0.975931
0.975883
0.975836
0.975788
0.975741
0.975694
0.975646
0.975599
0.975552
0.975505
0.975457
0.97541
0.975363
0.975316
0.975269
0.975222
0.975175
0.975128
0.975081
0.975034
0.974987
0.97494
0.974893
0.974846
0.9748
0.974753
0.974706
0.974659
0.974613
0.974566
0.974519
0.974473
0.974426
0.97438
0.974333
0.974287
0.97424
0.974194
0.974147
0.974101
0.974054
0.974008
0.973962
0.973915
0.973869
0.973823
0.973777
0.973731
0.973684
0.973638
0.973592
0.973546
0.9735
0.973454
0.973408
0.973362
0.973316
0.97327
0.973224
0.973178
0.973133
0.973087
0.973041
0.972995
0.97295
0.972904
0.972858
0.972813
0.972767
0.972721
0.972676
0.97263
0.972585
0.972539
0.972494
0.972448
0.972403
0.972358
0.972312
0.972267
0.972222
0.972176
0.972131
0.972086
0.972041
0.971996
0.97195
0.971905
0.97186
0.971815
0.97177
0.971725
0.97168
0.971635
0.97159
0.971545
0.9715
0.971456
0.971411
0.971366
0.971321
0.971276
0.971232
0.971187
0.971142
0.971098
0.971053
0.971009
0.970964
0.970919
0.970875
0.97083
0.970786
0.970742
0.970697
0.970653
0.970608
0.970564
0.97052
0.970476
0.970431
0.970387
0.970343
0.970299
0.970255
0.97021
0.970166
0.970122
0.970078
0.970034
0.96999
0.969946
0.969902
0.969859
0.969815
0.969771
0.969727
0.969683
0.969639
0.969596
0.969552
0.969508
0.969464
0.969421
0.969377
0.969334
0.96929
0.969247
0.969203
0.969159
0.969116
0.969073
0.969029
0.968986
0.968942
0.968899
0.968856
0.968812
0.968769
0.968726
0.968683
0.96864
0.968596
0.968553
0.96851
0.968467
0.968424
0.968381
0.968338
0.968295
0.968252
0.968209
0.968166
0.968123
0.96808
0.968038
0.967995
0.967952
0.967909
0.967866
0.967824
0.967781
0.967738
0.967696
0.967653
0.967611
0.967568
0.967526
0.967483
0.967441
0.967398
0.967356
0.967313
0.967271
0.967229
0.967186
0.967144
0.967102
0.967059
0.967017
0.966975
0.966933
0.966891
0.966848
0.966806
0.966764
0.966722
0.96668
0.966638
0.966596
0.966554
0.966512
0.96647
0.966429
0.966387
0.966345
0.966303
0.966261
0.966219
0.966178
0.966136
0.966094
0.966053
0.966011
0.965969
0.965928
0.965886
0.965845
0.965803
0.965762
0.96572
0.965679
0.965637
0.965596
0.965555
0.965513
0.965472
0.965431
0.96539
0.965348
0.965307
0.965266
0.965225
0.965184
0.965142
0.965101
0.96506
0.965019
0.964978
0.964937
0.964896
0.964855
0.964814
0.964773
0.964733
0.964692
0.964651
0.96461
0.964569
0.964529
0.964488
0.964447
0.964406
0.964366
0.964325
0.964285
0.964244
0.964203
0.964163
0.964122
0.964082
0.964041
0.964001
0.963961
0.96392
0.96388
0.963839
0.963799
0.963759
0.963719
0.963678
0.963638
0.963598
0.963558
0.963518
0.963477
0.963437
0.963397
0.963357
0.963317
0.963277
0.963237
0.963197
0.963157
0.963117
0.963077
0.963038
0.962998
0.962958
0.962918
0.962878
0.962839
0.962799
0.962759
0.962719
0.96268
0.96264
0.962601
0.962561
0.962521
0.962482
0.962442
0.962403
0.962363
0.962324
0.962285
0.962245
0.962206
0.962166
0.962127
0.962088
0.962049
0.962009
0.96197
0.961931
0.961892
0.961853
0.961813
0.961774
0.961735
0.961696
0.961657
0.961618
0.961579
0.96154
0.961501
0.961462
0.961423
0.961384
0.961346
0.961307
0.961268
0.961229
0.96119
0.961152
0.961113
0.961074
0.961036
0.960997
0.960958
0.96092
0.960881
0.960843
0.960804
0.960765
0.960727
0.960689
0.96065
0.960612
0.960573
0.960535
0.960497
0.960458
0.96042
0.960382
0.960343
0.960305
0.960267
0.960229
0.960191
0.960152
0.960114
0.960076
0.960038
0.96
0.959962
0.959924
0.959886
0.959848
0.95981
0.959772
0.959734
0.959696
0.959659
0.959621
0.959583
0.959545
0.959507
0.95947
0.959432
0.959394
0.959357
0.959319
0.959281
0.959244
0.959206
0.959169
0.959131
0.959094
0.959056
0.959019
0.958981
0.958944
0.958906
0.958869
0.958832
0.958794
0.958757
0.95872
0.958682
0.958645
0.958608
0.958571
0.958534
0.958496
0.958459
0.958422
0.958385
0.958348
0.958311
0.958274
0.958237
0.9582
0.958163
0.958126
0.958089
0.958052
0.958015
0.957979
0.957942
0.957905
0.957868
0.957831
0.957795
0.957758
0.957721
0.957685
0.957648
0.957611
0.957575
0.957538
0.957502
0.957465
0.957429
0.957392
0.957356
0.957319
0.957283
0.957246
0.95721
0.957174
0.957137
0.957101
0.957065
0.957028
0.956992
0.956956
0.95692
0.956884
0.956847
0.956811
0.956775
0.956739
0.956703
0.956667
0.956631
0.956595
0.956559
0.956523
0.956487
0.956451
0.956415
0.956379
0.956343
0.956308
0.956272
0.956236
0.9562
0.956164
0.956129
0.956093
0.956057
0.956022
0.955986
0.95595
0.955915
0.955879
0.955844
0.955808
0.955773
0.955737
0.955702
0.955666
0.955631
0.955595
0.95556
0.955525
0.955489
0.955454
0.955419
0.955383
0.955348
0.955313
0.955278
0.955242
0.955207
0.955172
0.955137
0.955102
0.955067
0.955032
0.954997
0.954962
0.954927
0.954892
0.954857
0.954822
0.954787
0.954752
0.954717
0.954682
0.954647
0.954612
0.954578
0.954543
0.954508
0.954473
0.954439
0.954404
0.954369
0.954335
0.9543
0.954265
0.954231
0.954196
0.954162
0.954127
0.954093
0.954058
0.954024
0.953989
0.953955
0.953921
0.953886
0.953852
0.953817
0.953783
0.953749
0.953715
0.95368
0.953646
0.953612
0.953578
0.953544
0.953509
0.953475
0.953441
0.953407
0.953373
0.953339
0.953305
0.953271
0.953237
0.953203
0.953169
0.953135
0.953101
0.953067
0.953033
0.953
0.952966
0.952932
0.952898
0.952864
0.952831
0.952797
0.952763
0.95273
0.952696
0.952662
0.952629
0.952595
0.952562
0.952528
0.952494
0.952461
0.952427
0.952394
0.95236
0.952327
0.952294
0.95226
0.952227
0.952194
0.95216
0.952127
0.952094
0.95206
0.952027
0.951994
0.951961
0.951927
0.951894
0.951861
0.951828
0.951795
0.951762
0.951729
0.951696
0.951663
0.95163
0.951597
0.951564
0.951531
0.951498
0.951465
0.951432
0.951399
0.951366
0.951333
0.951301
0.951268
0.951235
0.951202
0.95117
0.951137
0.951104
0.951071
0.951039
0.951006
0.950974
0.950941
0.950908
0.950876
0.950843
0.950811
0.950778
0.950746
0.950713
0.950681
0.950648
0.950616
0.950584
0.950551
0.950519
0.950487
0.950454
0.950422
0.95039
0.950358
0.950325
0.950293
0.950261
0.950229
0.950197
0.950165
0.950132
0.9501
0.950068
0.950036
0.950004
0.949972
0.94994
0.949908
0.949876
0.949844
0.949813
0.949781
0.949749
0.949717
0.949685
0.949653
0.949621
0.94959
0.949558
0.949526
0.949494
0.949463
0.949431
0.949399
0.949368
0.949336
0.949305
0.949273
0.949241
0.94921
0.949178
0.949147
0.949115
0.949084
0.949052
0.949021
0.94899
0.948958
0.948927
0.948896
0.948864
0.948833
0.948802
0.94877
0.948739
0.948708
0.948677
0.948645
0.948614
0.948583
0.948552
0.948521
0.94849
0.948459
0.948428
0.948397
0.948366
0.948334
0.948304
0.948273
0.948242
0.948211
0.94818
0.948149
0.948118
0.948087
0.948056
0.948025
0.947995
0.947964
0.947933
0.947902
0.947872
0.947841
0.94781
0.94778
0.947749
0.947718
0.947688
0.947657
0.947626
0.947596
0.947565
0.947535
0.947504
0.947474
0.947443
0.947413
0.947383
0.947352
0.947322
0.947291
0.947261
0.947231
0.9472
0.94717
0.94714
0.94711
0.947079
0.947049
0.947019
0.946989
0.946958
0.946928
0.946898
0.946868
0.946838
0.946808
0.946778
0.946748
0.946718
0.946688
0.946658
0.946628
0.946598
0.946568
0.946538
0.946508
0.946478
0.946448
0.946419
0.946389
0.946359
0.946329
0.946299
0.94627
0.94624
0.94621
0.946181
0.946151
0.946121
0.946092
0.946062
0.946032
0.946003
0.945973
0.945944
0.945914
0.945885
0.945855
0.945826
0.945796
0.945767
0.945737
0.945708
0.945679
0.945649
0.94562
0.94559
0.945561
0.945532
0.945503
0.945473
0.945444
0.945415
0.945386
0.945356
0.945327
0.945298
0.945269
0.94524
0.945211
0.945182
0.945153
0.945124
0.945095
0.945066
0.945037
0.945008
0.944979
0.94495
0.944921
0.944892
0.944863
0.944834
0.944805
0.944776
0.944748
0.944719
0.94469
0.944661
0.944633
0.944604
0.944575
0.944546
0.944518
0.944489
0.94446
0.944432
0.944403
0.944375
0.944346
0.944317
0.944289
0.94426
0.944232
0.944203
0.944175
0.944147
0.944118
0.94409
0.944061
0.944033
0.944005
0.943976
0.943948
0.94392
0.943891
0.943863
0.943835
0.943807
0.943778
0.94375
0.943722
0.943694
0.943666
0.943637
0.943609
0.943581
0.943553
0.943525
0.943497
0.943469
0.943441
0.943413
0.943385
0.943357
0.943329
0.943301
0.943273
0.943245
0.943218
0.94319
0.943162
0.943134
0.943106
0.943078
0.943051
0.943023
0.942995
0.942967
0.94294
0.942912
0.942884
0.942857
0.942829
0.942801
0.942774
0.942746
0.942719
0.942691
0.942664
0.942636
0.942609
0.942581
0.942554
0.942526
0.942499
0.942471
0.942444
0.942416
0.942389
0.942362
0.942334
0.942307
0.94228
0.942253
0.942225
0.942198
0.942171
0.942144
0.942116
0.942089
0.942062
0.942035
0.942008
0.941981
0.941954
0.941926
0.941899
0.941872
0.941845
0.941818
0.941791
0.941764
0.941737
0.94171
0.941683
0.941657
0.94163
0.941603
0.941576
0.941549
0.941522
0.941495
0.941469
0.941442
0.941415
0.941388
0.941362
0.941335
0.941308
0.941281
0.941255
0.941228
0.941202
0.941175
0.941148
0.941122
0.941095
0.941069
0.941042
0.941016
0.940989
0.940963
0.940936
0.94091
0.940883
0.940857
0.94083
0.940804
0.940778
0.940751
0.940725
0.940699
0.940672
0.940646
0.94062
0.940593
0.940567
0.940541
0.940515
0.940489
0.940462
0.940436
0.94041
0.940384
0.940358
0.940332
0.940306
0.94028
0.940254
0.940227
0.940201
0.940175
0.940149
0.940124
0.940098
0.940072
0.940046
0.94002
0.939994
0.939968
0.939942
0.939916
0.939891
0.939865
0.939839
0.939813
0.939787
0.939762
0.939736
0.93971
0.939684
0.939659
0.939633
0.939607
0.939582
0.939556
0.939531
0.939505
0.939479
0.939454
0.939428
0.939403
0.939377
0.939352
0.939326
0.939301
0.939275
0.93925
0.939225
0.939199
0.939174
0.939148
0.939123
0.939098
0.939072
0.939047
0.939022
0.938997
0.938971
0.938946
0.938921
0.938896
0.93887
0.938845
0.93882
0.938795
0.93877
0.938745
0.93872
0.938695
0.938669
0.938644
0.938619
0.938594
0.938569
0.938544
0.938519
0.938494
0.938469
0.938445
0.93842
0.938395
0.93837
0.938345
0.93832
0.938295
0.93827
0.938246
0.938221
0.938196
0.938171
0.938147
0.938122
0.938097
0.938072
0.938048
0.938023
0.937998
0.937974
0.937949
0.937925
0.9379
0.937875
0.937851
0.937826
0.937802
0.937777
0.937753
0.937728
0.937704
0.937679
0.937655
0.93763
0.937606
0.937582
0.937557
0.937533
0.937509
0.937484
0.93746
0.937436
0.937411
0.937387
0.937363
0.937339
0.937314
0.93729
0.937266
0.937242
0.937218
0.937193
0.937169
0.937145
0.937121
0.937097
0.937073
0.937049
0.937025
0.937001
0.936977
0.936953
0.936929
0.936905
0.936881
0.936857
0.936833
0.936809
0.936785
0.936761
0.936737
0.936713
0.93669
0.936666
0.936642
0.936618
0.936594
0.936571
0.936547
0.936523
0.936499
0.936476
0.936452
0.936428
0.936405
0.936381
0.936357
0.936334
0.93631
0.936287
0.936263
0.936239
0.936216
0.936192
0.936169
0.936145
0.936122
0.936098
0.936075
0.936051
0.936028
0.936005
0.935981
0.935958
0.935934
0.935911
0.935888
0.935864
0.935841
0.935818
0.935795
0.935771
0.935748
0.935725
0.935702
0.935678
0.935655
0.935632
0.935609
0.935586
0.935562
0.935539
0.935516
0.935493
0.93547
0.935447
0.935424
0.935401
0.935378
0.935355
0.935332
0.935309
0.935286
0.935263
0.93524
0.935217
0.935194
0.935171
0.935148
0.935126
0.935103
0.93508
0.935057
0.935034
0.935011
0.934989
0.934966
0.934943
0.93492
0.934898
0.934875
0.934852
0.93483
0.934807
0.934784
0.934762
0.934739
0.934716
0.934694
0.934671
0.934649
0.934626
0.934604
0.934581
0.934558
0.934536
0.934514
0.934491
0.934469
0.934446
0.934424
0.934401
0.934379
0.934356
0.934334
0.934312
0.934289
0.934267
0.934245
0.934222
0.9342
0.934178
0.934156
0.934133
0.934111
0.934089
0.934067
0.934045
0.934022
0.934
0.933978
0.933956
0.933934
0.933912
0.93389
0.933867
0.933845
0.933823
0.933801
0.933779
0.933757
0.933735
0.933713
0.933691
0.933669
0.933647
0.933625
0.933604
0.933582
0.93356
0.933538
0.933516
0.933494
0.933472
0.933451
0.933429
0.933407
0.933385
0.933363
0.933342
0.93332
0.933298
0.933276
0.933255
0.933233
0.933211
0.93319
0.933168
0.933146
0.933125
0.933103
0.933082
0.93306
0.933039
0.933017
0.932995
0.932974
0.932952
0.932931
0.932909
0.932888
0.932866
0.932845
0.932824
0.932802
0.932781
0.932759
0.932738
0.932717
0.932695
0.932674
0.932653
0.932631
0.93261
0.932589
0.932567
0.932546
0.932525
0.932504
0.932483
0.932461
0.93244
0.932419
0.932398
0.932377
0.932356
0.932334
0.932313
0.932292
0.932271
0.93225
0.932229
0.932208
0.932187
0.932166
0.932145
0.932124
0.932103
0.932082
0.932061
0.93204
0.932019
0.931998
0.931977
0.931956
0.931936
0.931915
0.931894
0.931873
0.931852
0.931831
0.931811
0.93179
0.931769
0.931748
0.931728
0.931707
0.931686
0.931665
0.931645
0.931624
0.931603
0.931583
0.931562
0.931541
0.931521
0.9315
0.93148
0.931459
0.931439
0.931418
0.931397
0.931377
0.931356
0.931336
0.931315
0.931295
0.931275
0.931254
0.931234
0.931213
0.931193
0.931172
0.931152
0.931132
0.931111
0.931091
0.931071
0.93105
0.93103
0.93101
0.930989
0.930969
0.930949
0.930929
0.930908
0.930888
0.930868
0.930848
0.930828
0.930808
0.930787
0.930767
0.930747
0.930727
0.930707
0.930687
0.930667
0.930647
0.930627
0.930607
0.930587
0.930567
0.930547
0.930527
0.930507
0.930487
0.930467
0.930447
0.930427
0.930407
0.930387
0.930367
0.930347
0.930327
0.930307
0.930288
0.930268
0.930248
0.930228
0.930208
0.930189
0.930169
0.930149
0.930129
0.93011
0.93009
0.93007
0.930051
0.930031
0.930011
0.929992
0.929972
0.929952
0.929933
0.929913
0.929893
0.929874
0.929854
0.929835
0.929815
0.929796
0.929776
0.929757
0.929737
0.929718
0.929698
0.929679
0.929659
0.92964
0.929621
0.929601
0.929582
0.929562
0.929543
0.929524
0.929504
0.929485
0.929466
0.929446
0.929427
0.929408
0.929388
0.929369
0.92935
0.929331
0.929311
0.929292
0.929273
0.929254
0.929235
0.929216
0.929196
0.929177
0.929158
0.929139
0.92912
0.929101
0.929082
0.929063
0.929044
0.929025
0.929006
0.928987
0.928968
0.928949
0.92893
0.928911
0.928892
0.928873
0.928854
0.928835
0.928816
0.928797
0.928778
0.928759
0.92874
0.928722
0.928703
0.928684
0.928665
0.928646
0.928627
0.928609
0.92859
0.928571
0.928552
0.928534
0.928515
0.928496
0.928478
0.928459
0.92844
0.928422
0.928403
0.928384
0.928366
0.928347
0.928328
0.92831
0.928291
0.928273
0.928254
0.928236
0.928217
0.928198
0.92818
0.928161
0.928143
0.928125
0.928106
0.928088
0.928069
0.928051
0.928032
0.928014
0.927996
0.927977
0.927959
0.92794
0.927922
0.927904
0.927885
0.927867
0.927849
0.927831
0.927812
0.927794
0.927776
0.927757
0.927739
0.927721
0.927703
0.927685
0.927666
0.927648
0.92763
0.927612
0.927594
0.927576
0.927558
0.927539
0.927521
0.927503
0.927485
0.927467
0.927449
0.927431
0.927413
0.927395
0.927377
0.927359
0.927341
0.927323
0.927305
0.927287
0.927269
0.927251
0.927233
0.927216
0.927198
0.92718
0.927162
0.927144
0.927126
0.927108
0.927091
0.927073
0.927055
0.927037
0.927019
0.927002
0.926984
0.926966
0.926948
0.926931
0.926913
0.926895
0.926878
0.92686
0.926842
0.926825
0.926807
0.926789
0.926772
0.926754
0.926736
0.926719
0.926701
0.926684
0.926666
0.926649
0.926631
0.926614
0.926596
0.926579
0.926561
0.926544
0.926526
0.926509
0.926491
0.926474
0.926456
0.926439
0.926422
0.926404
0.926387
0.92637
0.926352
0.926335
0.926317
0.9263
0.926283
0.926266
0.926248
0.926231
0.926214
0.926196
0.926179
0.926162
0.926145
0.926128
0.92611
0.926093
0.926076
0.926059
0.926042
0.926025
0.926007
0.92599
0.925973
0.925956
0.925939
0.925922
0.925905
0.925888
0.925871
0.925854
0.925837
0.92582
0.925803
0.925786
0.925769
0.925752
0.925735
0.925718
0.925701
0.925684
0.925667
0.92565
0.925633
0.925616
0.925599
0.925583
0.925566
0.925549
0.925532
0.925515
0.925498
0.925482
0.925465
0.925448
0.925431
0.925414
0.925398
0.925381
0.925364
0.925348
0.925331
0.925314
0.925297
0.925281
0.925264
0.925247
0.925231
0.925214
0.925198
0.925181
0.925164
0.925148
0.925131
0.925115
0.925098
0.925082
0.925065
0.925048
0.925032
0.925015
0.924999
0.924982
0.924966
0.92495
0.924933
0.924917
0.9249
0.924884
0.924867
0.924851
0.924835
0.924818
0.924802
0.924785
0.924769
0.924753
0.924736
0.92472
0.924704
0.924688
0.924671
0.924655
0.924639
0.924622
0.924606
0.92459
0.924574
0.924558
0.924541
0.924525
0.924509
0.924493
0.924477
0.92446
0.924444
0.924428
0.924412
0.924396
0.92438
0.924364
0.924348
0.924332
0.924316
0.9243
0.924284
0.924267
0.924251
0.924235
0.924219
0.924203
0.924187
0.924172
0.924156
0.92414
0.924124
0.924108
0.924092
0.924076
0.92406
0.924044
0.924028
0.924012
0.923997
0.923981
0.923965
0.923949
0.923933
0.923917
0.923902
0.923886
0.92387
0.923854
0.923839
0.923823
0.923807
0.923791
0.923776
0.92376
0.923744
0.923729
0.923713
0.923697
0.923682
0.923666
0.92365
0.923635
0.923619
0.923603
0.923588
0.923572
0.923557
0.923541
0.923526
0.92351
0.923494
0.923479
0.923463
0.923448
0.923432
0.923417
0.923401
0.923386
0.92337
0.923355
0.92334
0.923324
0.923309
0.923293
0.923278
0.923263
0.923247
0.923232
0.923216
0.923201
0.923186
0.92317
0.923155
0.92314
0.923125
0.923109
0.923094
0.923079
0.923063
0.923048
0.923033
0.923018
0.923002
0.922987
0.922972
0.922957
0.922942
0.922926
0.922911
0.922896
0.922881
0.922866
0.922851
0.922836
0.922821
0.922805
0.92279
0.922775
0.92276
0.922745
0.92273
0.922715
0.9227
0.922685
0.92267
0.922655
0.92264
0.922625
0.92261
0.922595
0.92258
0.922565
0.92255
0.922535
0.92252
0.922506
0.922491
0.922476
0.922461
0.922446
0.922431
0.922416
0.922401
0.922387
0.922372
0.922357
0.922342
0.922327
0.922313
0.922298
0.922283
0.922268
0.922254
0.922239
0.922224
0.922209
0.922195
0.92218
0.922165
0.922151
0.922136
0.922121
0.922107
0.922092
0.922077
0.922063
0.922048
0.922034
0.922019
0.922004
0.92199
0.921975
0.921961
0.921946
0.921932
0.921917
0.921903
0.921888
0.921874
0.921859
0.921845
0.92183
0.921816
0.921801
0.921787
0.921772
0.921758
0.921743
0.921729
0.921715
0.9217
0.921686
0.921672
0.921657
0.921643
0.921628
0.921614
0.9216
0.921585
0.921571
0.921557
0.921543
0.921528
0.921514
0.9215
0.921486
0.921471
0.921457
0.921443
0.921429
0.921414
0.9214
0.921386
0.921372
0.921358
0.921343
0.921329
0.921315
0.921301
0.921287
0.921273
0.921259
0.921245
0.921231
0.921216
0.921202
0.921188
0.921174
0.92116
0.921146
0.921132
0.921118
0.921104
0.92109
0.921076
0.921062
0.921048
0.921034
0.92102
0.921006
0.920992
0.920978
0.920965
0.920951
0.920937
0.920923
0.920909
0.920895
0.920881
0.920867
0.920854
0.92084
0.920826
0.920812
0.920798
0.920784
0.920771
0.920757
0.920743
0.920729
0.920716
0.920702
0.920688
0.920674
0.920661
0.920647
0.920633
0.920619
0.920606
0.920592
0.920578
0.920565
0.920551
0.920537
0.920524
0.92051
0.920497
0.920483
0.920469
0.920456
0.920442
0.920429
0.920415
0.920401
0.920388
0.920374
0.920361
0.920347
0.920334
0.92032
0.920307
0.920293
0.92028
0.920266
0.920253
0.920239
0.920226
0.920213
0.920199
0.920186
0.920172
0.920159
0.920146
0.920132
0.920119
0.920105
0.920092
0.920079
0.920065
0.920052
0.920039
0.920025
0.920012
0.919999
0.919985
0.919972
0.919959
0.919946
0.919932
0.919919
0.919906
0.919893
0.919879
0.919866
0.919853
0.91984
0.919827
0.919813
0.9198
0.919787
0.919774
0.919761
0.919748
0.919735
0.919721
0.919708
0.919695
0.919682
0.919669
0.919656
0.919643
0.91963
0.919617
0.919604
0.919591
0.919578
0.919565
0.919552
0.919539
0.919526
0.919513
0.9195
0.919487
0.919474
0.919461
0.919448
0.919435
0.919422
0.919409
0.919396
0.919383
0.91937
0.919358
0.919345
0.919332
0.919319
0.919306
0.919293
0.91928
0.919268
0.919255
0.919242
0.919229
0.919216
0.919204
0.919191
0.919178
0.919165
0.919152
0.91914
0.919127
0.919114
0.919102
0.919089
0.919076
0.919063
0.919051
0.919038
0.919025
0.919013
0.919
0.918987
0.918975
0.918962
0.918949
0.918937
0.918924
0.918912
0.918899
0.918886
0.918874
0.918861
0.918849
0.918836
0.918824
0.918811
0.918799
0.918786
0.918774
0.918761
0.918749
0.918736
0.918724
0.918711
0.918699
0.918686
0.918674
0.918661
0.918649
0.918637
0.918624
0.918612
0.918599
0.918587
0.918575
0.918562
0.91855
0.918537
0.918525
0.918513
0.9185
0.918488
0.918476
0.918463
0.918451
0.918439
0.918427
0.918414
0.918402
0.91839
0.918378
0.918365
0.918353
0.918341
0.918329
0.918316
0.918304
0.918292
0.91828
0.918268
0.918255
0.918243
0.918231
0.918219
0.918207
0.918195
0.918183
0.91817
0.918158
0.918146
0.918134
0.918122
0.91811
0.918098
0.918086
0.918074
0.918062
0.91805
0.918038
0.918026
0.918014
0.918002
0.91799
0.917978
0.917966
0.917954
0.917942
0.91793
0.917918
0.917906
0.917894
0.917882
0.91787
0.917858
0.917846
0.917834
0.917822
0.91781
0.917798
0.917787
0.917775
0.917763
0.917751
0.917739
0.917727
0.917716
0.917704
0.917692
0.91768
0.917668
0.917657
0.917645
0.917633
0.917621
0.917609
0.917598
0.917586
0.917574
0.917562
0.917551
0.917539
0.917527
0.917516
0.917504
0.917492
0.917481
0.917469
0.917457
0.917446
0.917434
0.917422
0.917411
0.917399
0.917387
0.917376
0.917364
0.917353
0.917341
0.917329
0.917318
0.917306
0.917295
0.917283
0.917272
0.91726
0.917249
0.917237
0.917226
0.917214
0.917203
0.917191
0.91718
0.917168
0.917157
0.917145
0.917134
0.917122
0.917111
0.917099
0.917088
0.917077
0.917065
0.917054
0.917042
0.917031
0.91702
0.917008
0.916997
0.916986
0.916974
0.916963
0.916952
0.91694
0.916929
0.916918
0.916906
0.916895
0.916884
0.916872
0.916861
0.91685
0.916839
0.916827
0.916816
0.916805
0.916794
0.916782
0.916771
0.91676
0.916749
0.916738
0.916726
0.916715
0.916704
0.916693
0.916682
0.916671
0.916659
0.916648
0.916637
0.916626
0.916615
0.916604
0.916593
0.916582
0.916571
0.91656
0.916548
0.916537
0.916526
0.916515
0.916504
0.916493
0.916482
0.916471
0.91646
0.916449
0.916438
0.916427
0.916416
0.916405
0.916394
0.916383
0.916372
0.916361
0.91635
0.916339
0.916328
0.916318
0.916307
0.916296
0.916285
0.916274
0.916263
0.916252
0.916241
0.91623
0.91622
0.916209
0.916198
0.916187
0.916176
0.916165
0.916155
0.916144
0.916133
0.916122
0.916111
0.916101
0.91609
0.916079
0.916068
0.916058
0.916047
0.916036
0.916025
0.916015
0.916004
0.915993
0.915982
0.915972
0.915961
0.91595
0.91594
0.915929
0.915918
0.915908
0.915897
0.915886
0.915876
0.915865
0.915855
0.915844
0.915833
0.915823
0.915812
0.915802
0.915791
0.91578
0.91577
0.915759
0.915749
0.915738
0.915728
0.915717
0.915707
0.915696
0.915686
0.915675
0.915665
0.915654
0.915644
0.915633
0.915623
0.915612
0.915602
0.915591
0.915581
0.91557
0.91556
0.915549
0.915539
0.915529
0.915518
0.915508
0.915497
0.915487
0.915477
0.915466
0.915456
0.915446
0.915435
0.915425
0.915415
0.915404
0.915394
0.915384
0.915373
0.915363
0.915353
0.915342
0.915332
0.915322
0.915312
0.915301
0.915291
0.915281
0.915271
0.91526
0.91525
0.91524
0.91523
0.915219
0.915209
0.915199
0.915189
0.915179
0.915169
0.915158
0.915148
0.915138
0.915128
0.915118
0.915108
0.915097
0.915087
0.915077
0.915067
0.915057
0.915047
0.915037
0.915027
0.915017
0.915007
0.914997
0.914986
0.914976
0.914966
0.914956
0.914946
0.914936
0.914926
0.914916
0.914906
0.914896
0.914886
0.914876
0.914866
0.914856
0.914846
0.914836
0.914826
0.914816
0.914807
0.914797
0.914787
0.914777
0.914767
0.914757
0.914747
0.914737
0.914727
0.914717
0.914707
0.914698
0.914688
0.914678
0.914668
0.914658
0.914648
0.914639
0.914629
0.914619
0.914609
0.914599
0.914589
0.91458
0.91457
0.91456
0.91455
0.914541
0.914531
0.914521
0.914511
0.914502
0.914492
0.914482
0.914472
0.914463
0.914453
0.914443
0.914434
0.914424
0.914414
0.914404
0.914395
0.914385
0.914375
0.914366
0.914356
0.914347
0.914337
0.914327
0.914318
0.914308
0.914298
0.914289
0.914279
0.91427
0.91426
0.91425
0.914241
0.914231
0.914222
0.914212
0.914203
0.914193
0.914184
0.914174
0.914165
0.914155
0.914146
0.914136
0.914127
0.914117
0.914108
0.914098
0.914089
0.914079
0.91407
0.91406
0.914051
0.914041
0.914032
0.914022
0.914013
0.914004
0.913994
0.913985
0.913975
0.913966
0.913957
0.913947
0.913938
0.913929
0.913919
0.91391
0.9139
0.913891
0.913882
0.913872
0.913863
0.913854
0.913844
0.913835
0.913826
0.913817
0.913807
0.913798
0.913789
0.913779
0.91377
0.913761
0.913752
0.913742
0.913733
0.913724
0.913715
0.913705
0.913696
0.913687
0.913678
0.913669
0.913659
0.91365
0.913641
0.913632
0.913623
0.913614
0.913604
0.913595
0.913586
0.913577
0.913568
0.913559
0.91355
0.913541
0.913531
0.913522
0.913513
0.913504
0.913495
0.913486
0.913477
0.913468
0.913459
0.91345
0.913441
0.913432
0.913423
0.913414
0.913404
0.913395
0.913386
0.913377
0.913368
0.913359
0.91335
0.913341
0.913332
0.913324
0.913315
0.913306
0.913297
0.913288
0.913279
0.91327
0.913261
0.913252
0.913243
0.913234
0.913225
0.913216
0.913207
0.913199
0.91319
0.913181
0.913172
0.913163
0.913154
0.913145
0.913136
0.913128
0.913119
0.91311
0.913101
0.913092
0.913083
0.913075
0.913066
0.913057
0.913048
0.913039
0.913031
0.913022
0.913013
0.913004
0.912996
0.912987
0.912978
0.912969
0.912961
0.912952
0.912943
0.912934
0.912926
0.912917
0.912908
0.9129
0.912891
0.912882
0.912874
0.912865
0.912856
0.912848
0.912839
0.91283
0.912822
0.912813
0.912804
0.912796
0.912787
0.912778
0.91277
0.912761
0.912753
0.912744
0.912735
0.912727
0.912718
0.91271
0.912701
0.912693
0.912684
0.912676
0.912667
0.912658
0.91265
0.912641
0.912633
0.912624
0.912616
0.912607
0.912599
0.91259
0.912582
0.912573
0.912565
0.912556
0.912548
0.91254
0.912531
0.912523
0.912514
0.912506
0.912497
0.912489
0.91248
0.912472
0.912464
0.912455
0.912447
0.912438
0.91243
0.912422
0.912413
0.912405
0.912397
0.912388
0.91238
0.912371
0.912363
0.912355
0.912346
0.912338
0.91233
0.912321
0.912313
0.912305
0.912297
0.912288
0.91228
0.912272
0.912263
0.912255
0.912247
0.912239
0.91223
0.912222
0.912214
0.912206
0.912197
0.912189
0.912181
0.912173
0.912164
0.912156
0.912148
0.91214
0.912132
0.912123
0.912115
0.912107
0.912099
0.912091
0.912083
0.912074
0.912066
0.912058
0.91205
0.912042
0.912034
0.912026
0.912018
0.912009
0.912001
0.911993
0.911985
0.911977
0.911969
0.911961
0.911953
0.911945
0.911937
0.911929
0.911921
0.911913
0.911904
0.911896
0.911888
0.91188
0.911872
0.911864
0.911856
0.911848
0.91184
0.911832
0.911824
0.911816
0.911808
0.9118
0.911792
0.911784
0.911776
0.911769
0.911761
0.911753
0.911745
0.911737
0.911729
0.911721
0.911713
0.911705
0.911697
0.911689
0.911681
0.911673
0.911666
0.911658
0.91165
0.911642
0.911634
0.911626
0.911618
0.911611
0.911603
0.911595
0.911587
0.911579
0.911571
0.911564
0.911556
0.911548
0.91154
0.911532
0.911525
0.911517
0.911509
0.911501
0.911493
0.911486
0.911478
0.91147
0.911462
0.911455
0.911447
0.911439
0.911431
0.911424
0.911416
0.911408
0.911401
0.911393
0.911385
0.911377
0.91137
0.911362
0.911354
0.911347
0.911339
0.911331
0.911324
0.911316
0.911308
0.911301
0.911293
0.911285
0.911278
0.91127
0.911263
0.911255
0.911247
0.91124
0.911232
0.911225
0.911217
0.911209
0.911202
0.911194
0.911187
0.911179
0.911171
0.911164
0.911156
0.911149
0.911141
0.911134
0.911126
0.911119
0.911111
0.911104
0.911096
0.911089
0.911081
0.911074
0.911066
0.911059
0.911051
0.911044
0.911036
0.911029
0.911021
0.911014
0.911006
0.910999
0.910991
0.910984
0.910977
0.910969
0.910962
0.910954
0.910947
0.91094
0.910932
0.910925
0.910917
0.91091
0.910903
0.910895
0.910888
0.91088
0.910873
0.910866
0.910858
0.910851
0.910844
0.910836
0.910829
0.910822
0.910814
0.910807
0.9108
0.910792
0.910785
0.910778
0.91077
0.910763
0.910756
0.910749
0.910741
0.910734
0.910727
0.91072
0.910712
0.910705
0.910698
0.910691
0.910683
0.910676
0.910669
0.910662
0.910654
0.910647
0.91064
0.910633
0.910626
0.910618
0.910611
0.910604
0.910597
0.91059
0.910582
0.910575
0.910568
0.910561
0.910554
0.910547
0.910539
0.910532
0.910525
0.910518
0.910511
0.910504
0.910497
0.91049
0.910482
0.910475
0.910468
0.910461
0.910454
0.910447
0.91044
0.910433
0.910426
0.910419
0.910412
0.910405
0.910398
0.910391
0.910383
0.910376
0.910369
0.910362
0.910355
0.910348
0.910341
0.910334
0.910327
0.91032
0.910313
0.910306
0.910299
0.910292
0.910285
0.910278
0.910271
0.910264
0.910257
0.910251
0.910244
0.910237
0.91023
0.910223
0.910216
0.910209
0.910202
0.910195
0.910188
0.910181
0.910174
0.910167
0.910161
0.910154
0.910147
0.91014
0.910133
0.910126
0.910119
0.910112
0.910106
0.910099
0.910092
0.910085
0.910078
0.910071
0.910064
0.910058
0.910051
0.910044
0.910037
0.91003
0.910024
0.910017
0.91001
0.910003
0.909996
0.90999
0.909983
0.909976
0.909969
0.909963
0.909956
0.909949
0.909942
0.909936
0.909929
0.909922
0.909915
0.909909
0.909902
0.909895
0.909888
0.909882
0.909875
0.909868
0.909862
0.909855
0.909848
0.909842
0.909835
0.909828
0.909822
0.909815
0.909808
0.909802
0.909795
0.909788
0.909782
0.909775
0.909768
0.909762
0.909755
0.909748
0.909742
0.909735
0.909729
0.909722
0.909715
0.909709
0.909702
0.909696
0.909689
0.909682
0.909676
0.909669
0.909663
0.909656
0.90965
0.909643
0.909637
0.90963
0.909623
0.909617
0.90961
0.909604
0.909597
0.909591
0.909584
0.909578
0.909571
0.909565
0.909558
0.909552
0.909545
0.909539
0.909532
0.909526
0.909519
0.909513
0.909506
0.9095
0.909494
0.909487
0.909481
0.909474
0.909468
0.909461
0.909455
0.909448
0.909442
0.909436
0.909429
0.909423
0.909416
0.90941
0.909404
0.909397
0.909391
0.909384
0.909378
0.909372
0.909365
0.909359
0.909353
0.909346
0.90934
0.909334
0.909327
0.909321
0.909315
0.909308
0.909302
0.909296
0.909289
0.909283
0.909277
0.90927
0.909264
0.909258
0.909251
0.909245
0.909239
0.909233
0.909226
0.90922
0.909214
0.909207
0.909201
0.909195
0.909189
0.909182
0.909176
0.90917
0.909164
0.909158
0.909151
0.909145
0.909139
0.909133
0.909126
0.90912
0.909114
0.909108
0.909102
0.909095
0.909089
0.909083
0.909077
0.909071
0.909065
0.909058
0.909052
0.909046
0.90904
0.909034
0.909028
0.909021
0.909015
0.909009
0.909003
0.908997
0.908991
0.908985
0.908979
0.908972
0.908966
0.90896
0.908954
0.908948
0.908942
0.908936
0.90893
0.908924
0.908918
0.908912
0.908906
0.908899
0.908893
0.908887
0.908881
0.908875
0.908869
0.908863
0.908857
0.908851
0.908845
0.908839
0.908833
0.908827
0.908821
0.908815
0.908809
0.908803
0.908797
0.908791
0.908785
0.908779
0.908773
0.908767
0.908761
0.908755
0.908749
0.908743
0.908737
0.908731
0.908725
0.90872
0.908714
0.908708
0.908702
0.908696
0.90869
0.908684
0.908678
0.908672
0.908666
0.90866
0.908654
0.908649
0.908643
0.908637
0.908631
0.908625
0.908619
0.908613
0.908607
0.908602
0.908596
0.90859
0.908584
0.908578
0.908572
0.908566
0.908561
0.908555
0.908549
0.908543
0.908537
0.908531
0.908526
0.90852
0.908514
0.908508
0.908502
0.908497
0.908491
0.908485
0.908479
0.908474
0.908468
0.908462
0.908456
0.90845
0.908445
0.908439
0.908433
0.908427
0.908422
0.908416
0.90841
0.908404
0.908399
0.908393
0.908387
0.908382
0.908376
0.90837
0.908364
0.908359
0.908353
0.908347
0.908342
0.908336
0.90833
0.908325
0.908319
0.908313
0.908308
0.908302
0.908296
0.908291
0.908285
0.908279
0.908274
0.908268
0.908262
0.908257
0.908251
0.908246
0.90824
0.908234
0.908229
0.908223
0.908217
0.908212
0.908206
0.908201
0.908195
0.908189
0.908184
0.908178
0.908173
0.908167
0.908162
0.908156
0.90815
0.908145
0.908139
0.908134
0.908128
0.908123
0.908117
0.908112
0.908106
0.908101
0.908095
0.90809
0.908084
0.908078
0.908073
0.908067
0.908062
0.908056
0.908051
0.908045
0.90804
0.908034
0.908029
0.908024
0.908018
0.908013
0.908007
0.908002
0.907996
0.907991
0.907985
0.90798
0.907974
0.907969
0.907964
0.907958
0.907953
0.907947
0.907942
0.907936
0.907931
0.907926
0.90792
0.907915
0.907909
0.907904
0.907899
0.907893
0.907888
0.907882
0.907877
0.907872
0.907866
0.907861
0.907856
0.90785
0.907845
0.907839
0.907834
0.907829
0.907823
0.907818
0.907813
0.907807
0.907802
0.907797
0.907791
0.907786
0.907781
0.907775
0.90777
0.907765
0.90776
0.907754
0.907749
0.907744
0.907738
0.907733
0.907728
0.907722
0.907717
0.907712
0.907707
0.907701
0.907696
0.907691
0.907686
0.90768
0.907675
0.90767
0.907665
0.907659
0.907654
0.907649
0.907644
0.907639
0.907633
0.907628
0.907623
0.907618
0.907612
0.907607
0.907602
0.907597
0.907592
0.907586
0.907581
0.907576
0.907571
0.907566
0.907561
0.907555
0.90755
0.907545
0.90754
0.907535
0.90753
0.907525
0.907519
0.907514
0.907509
0.907504
0.907499
0.907494
0.907489
0.907483
0.907478
0.907473
0.907468
0.907463
0.907458
0.907453
0.907448
0.907443
0.907438
0.907432
0.907427
0.907422
0.907417
0.907412
0.907407
0.907402
0.907397
0.907392
0.907387
0.907382
0.907377
0.907372
0.907367
0.907362
0.907357
0.907352
0.907347
0.907342
0.907337
0.907331
0.907326
0.907321
0.907316
0.907311
0.907306
0.907301
0.907296
0.907291
0.907286
0.907282
0.907277
0.907272
0.907267
0.907262
0.907257
0.907252
0.907247
0.907242
0.907237
0.907232
0.907227
0.907222
0.907217
0.907212
0.907207
0.907202
0.907197
0.907192
0.907187
0.907183
0.907178
0.907173
0.907168
0.907163
0.907158
0.907153
0.907148
0.907143
0.907138
0.907134
0.907129
0.907124
0.907119
0.907114
0.907109
0.907104
0.907099
0.907095
0.90709
0.907085
0.90708
0.907075
0.90707
0.907065
0.907061
0.907056
0.907051
0.907046
0.907041
0.907037
0.907032
0.907027
0.907022
0.907017
0.907012
0.907008
0.907003
0.906998
0.906993
0.906988
0.906984
0.906979
0.906974
0.906969
0.906965
0.90696
0.906955
0.90695
0.906946
0.906941
0.906936
0.906931
0.906927
0.906922
0.906917
0.906912
0.906908
0.906903
0.906898
0.906893
0.906889
0.906884
0.906879
0.906875
0.90687
0.906865
0.90686
0.906856
0.906851
0.906846
0.906842
0.906837
0.906832
0.906828
0.906823
0.906818
0.906814
0.906809
0.906804
0.9068
0.906795
0.90679
0.906786
0.906781
0.906776
0.906772
0.906767
0.906762
0.906758
0.906753
0.906749
0.906744
0.906739
0.906735
0.90673
0.906725
0.906721
0.906716
0.906712
0.906707
0.906702
0.906698
0.906693
0.906689
0.906684
0.906679
0.906675
0.90667
0.906666
0.906661
0.906657
0.906652
0.906647
0.906643
0.906638
0.906634
0.906629
0.906625
0.90662
0.906616
0.906611
0.906607
0.906602
0.906598
0.906593
0.906588
0.906584
0.906579
0.906575
0.90657
0.906566
0.906561
0.906557
0.906552
0.906548
0.906543
0.906539
0.906534
0.90653
0.906526
0.906521
0.906517
0.906512
0.906508
0.906503
0.906499
0.906494
0.90649
0.906485
0.906481
0.906476
0.906472
0.906468
0.906463
0.906459
0.906454
0.90645
0.906445
0.906441
0.906437
0.906432
0.906428
0.906423
0.906419
0.906415
0.90641
0.906406
0.906401
0.906397
0.906393
0.906388
0.906384
0.906379
0.906375
0.906371
0.906366
0.906362
0.906358
0.906353
0.906349
0.906344
0.90634
0.906336
0.906331
0.906327
0.906323
0.906318
0.906314
0.90631
0.906305
0.906301
0.906297
0.906292
0.906288
0.906284
0.906279
0.906275
0.906271
0.906267
0.906262
0.906258
0.906254
0.906249
0.906245
0.906241
0.906236
0.906232
0.906228
0.906224
0.906219
0.906215
0.906211
0.906207
0.906202
0.906198
0.906194
0.90619
0.906185
0.906181
0.906177
0.906173
0.906168
0.906164
0.90616
0.906156
0.906151
0.906147
0.906143
0.906139
0.906135
0.90613
0.906126
0.906122
0.906118
0.906113
0.906109
0.906105
0.906101
0.906097
0.906093
0.906088
0.906084
0.90608
0.906076
0.906072
0.906067
0.906063
0.906059
0.906055
0.906051
0.906047
0.906042
0.906038
0.906034
0.90603
0.906026
0.906022
0.906018
0.906013
0.906009
0.906005
0.906001
0.905997
0.905993
0.905989
0.905985
0.905981
0.905976
0.905972
0.905968
0.905964
0.90596
0.905956
0.905952
0.905948
0.905944
0.90594
0.905935
0.905931
0.905927
0.905923
0.905919
0.905915
0.905911
0.905907
0.905903
0.905899
0.905895
0.905891
0.905887
0.905883
0.905879
0.905875
0.905871
0.905866
0.905862
0.905858
0.905854
0.90585
0.905846
0.905842
0.905838
0.905834
0.90583
0.905826
0.905822
0.905818
0.905814
0.90581
0.905806
0.905802
0.905798
0.905794
0.90579
0.905786
0.905782
0.905778
0.905774
0.90577
0.905766
0.905762
0.905759
0.905755
0.905751
0.905747
0.905743
0.905739
0.905735
0.905731
0.905727
0.905723
0.905719
0.905715
0.905711
0.905707
0.905703
0.905699
0.905695
0.905692
0.905688
0.905684
0.90568
0.905676
0.905672
0.905668
0.905664
0.90566
0.905656
0.905653
0.905649
0.905645
0.905641
0.905637
0.905633
0.905629
0.905625
0.905621
0.905618
0.905614
0.90561
0.905606
0.905602
0.905598
0.905594
0.905591
0.905587
0.905583
0.905579
0.905575
0.905571
0.905568
0.905564
0.90556
0.905556
0.905552
0.905548
0.905545
0.905541
0.905537
0.905533
0.905529
0.905526
0.905522
0.905518
0.905514
0.90551
0.905507
0.905503
0.905499
0.905495
0.905491
0.905488
0.905484
0.90548
0.905476
0.905473
0.905469
0.905465
0.905461
0.905457
0.905454
0.90545
0.905446
0.905442
0.905439
0.905435
0.905431
0.905427
0.905424
0.90542
0.905416
0.905413
0.905409
0.905405
0.905401
0.905398
0.905394
0.90539
0.905386
0.905383
0.905379
0.905375
0.905372
0.905368
0.905364
0.905361
0.905357
0.905353
0.905349
0.905346
0.905342
0.905338
0.905335
0.905331
0.905327
0.905324
0.90532
0.905316
0.905313
0.905309
0.905305
0.905302
0.905298
0.905294
0.905291
0.905287
0.905284
0.90528
0.905276
0.905273
0.905269
0.905265
0.905262
0.905258
0.905254
0.905251
0.905247
0.905244
0.90524
0.905236
0.905233
0.905229
0.905226
0.905222
0.905218
0.905215
0.905211
0.905208
0.905204
0.9052
0.905197
0.905193
0.90519
0.905186
0.905182
0.905179
0.905175
0.905172
0.905168
0.905165
0.905161
0.905158
0.905154
0.90515
0.905147
0.905143
0.90514
0.905136
0.905133
0.905129
0.905126
0.905122
0.905119
0.905115
0.905111
0.905108
0.905104
0.905101
0.905097
0.905094
0.90509
0.905087
0.905083
0.90508
0.905076
0.905073
0.905069
0.905066
0.905062
0.905059
0.905055
0.905052
0.905048
0.905045
0.905041
0.905038
0.905034
0.905031
0.905028
0.905024
0.905021
0.905017
0.905014
0.90501
0.905007
0.905003
0.905
0.904996
0.904993
0.90499
0.904986
0.904983
0.904979
0.904976
0.904972
0.904969
0.904965
0.904962
0.904959
0.904955
0.904952
0.904948
0.904945
0.904942
0.904938
0.904935
0.904931
0.904928
0.904924
0.904921
0.904918
0.904914
0.904911
0.904908
0.904904
0.904901
0.904897
0.904894
0.904891
0.904887
0.904884
0.90488
0.904877
0.904874
0.90487
0.904867
0.904864
0.90486
0.904857
0.904854
0.90485
0.904847
0.904844
0.90484
0.904837
0.904834
0.90483
0.904827
0.904824
0.90482
0.904817
0.904814
0.90481
0.904807
0.904804
0.9048
0.904797
0.904794
0.90479
0.904787
0.904784
0.90478
0.904777
0.904774
0.90477
0.904767
0.904764
0.904761
0.904757
0.904754
0.904751
0.904747
0.904744
0.904741
0.904738
0.904734
0.904731
0.904728
0.904725
0.904721
0.904718
0.904715
0.904712
0.904708
0.904705
0.904702
0.904699
0.904695
0.904692
0.904689
0.904686
0.904682
0.904679
0.904676
0.904673
0.904669
0.904666
0.904663
0.90466
0.904656
0.904653
0.90465
0.904647
0.904644
0.90464
0.904637
0.904634
0.904631
0.904628
0.904624
0.904621
0.904618
0.904615
0.904612
0.904608
0.904605
0.904602
0.904599
0.904596
0.904593
0.904589
0.904586
0.904583
0.90458
0.904577
0.904574
0.90457
0.904567
0.904564
0.904561
0.904558
0.904555
0.904551
0.904548
0.904545
0.904542
0.904539
0.904536
0.904533
0.904529
0.904526
0.904523
0.90452
0.904517
0.904514
0.904511
0.904508
0.904504
0.904501
0.904498
0.904495
0.904492
0.904489
0.904486
0.904483
0.90448
0.904476
0.904473
0.90447
0.904467
0.904464
0.904461
0.904458
0.904455
0.904452
0.904449
0.904446
0.904443
0.904439
0.904436
0.904433
0.90443
0.904427
0.904424
0.904421
0.904418
0.904415
0.904412
0.904409
0.904406
0.904403
0.9044
0.904397
0.904394
0.904391
0.904388
0.904385
0.904381
0.904378
0.904375
0.904372
0.904369
0.904366
0.904363
0.90436
0.904357
0.904354
0.904351
0.904348
0.904345
0.904342
0.904339
0.904336
0.904333
0.90433
0.904327
0.904324
0.904321
0.904318
0.904315
0.904312
0.904309
0.904306
0.904303
0.9043
0.904297
0.904294
0.904291
0.904288
0.904285
0.904282
0.90428
0.904277
0.904274
0.904271
0.904268
0.904265
0.904262
0.904259
0.904256
0.904253
0.90425
0.904247
0.904244
0.904241
0.904238
0.904235
0.904232
0.904229
0.904227
0.904224
0.904221
0.904218
0.904215
0.904212
0.904209
0.904206
0.904203
0.9042
0.904197
0.904194
0.904192
0.904189
0.904186
0.904183
0.90418
0.904177
0.904174
0.904171
0.904168
0.904165
0.904163
0.90416
0.904157
0.904154
0.904151
0.904148
0.904145
0.904142
0.90414
0.904137
0.904134
0.904131
0.904128
0.904125
0.904122
0.90412
0.904117
0.904114
0.904111
0.904108
0.904105
0.904102
0.9041
0.904097
0.904094
0.904091
0.904088
0.904085
0.904083
0.90408
0.904077
0.904074
0.904071
0.904068
0.904066
0.904063
0.90406
0.904057
0.904054
0.904052
0.904049
0.904046
0.904043
0.90404
0.904038
0.904035
0.904032
0.904029
0.904026
0.904024
0.904021
0.904018
0.904015
0.904012
0.90401
0.904007
0.904004
0.904001
0.903999
0.903996
0.903993
0.90399
0.903987
0.903985
0.903982
0.903979
0.903976
0.903974
0.903971
0.903968
0.903965
0.903963
0.90396
0.903957
0.903954
0.903952
0.903949
0.903946
0.903943
0.903941
0.903938
0.903935
0.903932
0.90393
0.903927
0.903924
0.903922
0.903919
0.903916
0.903913
0.903911
0.903908
0.903905
0.903903
0.9039
0.903897
0.903894
0.903892
0.903889
0.903886
0.903884
0.903881
0.903878
0.903876
0.903873
0.90387
0.903868
0.903865
0.903862
0.903859
0.903857
0.903854
0.903851
0.903849
0.903846
0.903843
0.903841
0.903838
0.903835
0.903833
0.90383
0.903827
0.903825
0.903822
0.90382
0.903817
0.903814
0.903812
0.903809
0.903806
0.903804
0.903801
0.903798
0.903796
0.903793
0.90379
0.903788
0.903785
0.903783
0.90378
0.903777
0.903775
0.903772
0.903769
0.903767
0.903764
0.903762
0.903759
0.903756
0.903754
0.903751
0.903749
0.903746
0.903743
0.903741
0.903738
0.903736
0.903733
0.90373
0.903728
0.903725
0.903723
0.90372
0.903717
0.903715
0.903712
0.90371
0.903707
0.903705
0.903702
0.903699
0.903697
0.903694
0.903692
0.903689
0.903687
0.903684
0.903681
0.903679
0.903676
0.903674
0.903671
0.903669
0.903666
0.903664
0.903661
0.903659
0.903656
0.903653
0.903651
0.903648
0.903646
0.903643
0.903641
0.903638
0.903636
0.903633
0.903631
0.903628
0.903626
0.903623
0.903621
0.903618
0.903616
0.903613
0.903611
0.903608
0.903606
0.903603
0.903601
0.903598
0.903596
0.903593
0.903591
0.903588
0.903586
0.903583
0.903581
0.903578
0.903576
0.903573
0.903571
0.903568
0.903566
0.903563
0.903561
0.903558
0.903556
0.903553
0.903551
0.903548
0.903546
0.903543
0.903541
0.903538
0.903536
0.903534
0.903531
0.903529
0.903526
0.903524
0.903521
0.903519
0.903516
0.903514
0.903512
0.903509
0.903507
0.903504
0.903502
0.903499
0.903497
0.903494
0.903492
0.90349
0.903487
0.903485
0.903482
0.90348
0.903477
0.903475
0.903473
0.90347
0.903468
0.903465
0.903463
0.903461
0.903458
0.903456
0.903453
0.903451
0.903449
0.903446
0.903444
0.903441
0.903439
0.903437
0.903434
0.903432
0.903429
0.903427
0.903425
0.903422
0.90342
0.903418
0.903415
0.903413
0.90341
0.903408
0.903406
0.903403
0.903401
0.903399
0.903396
0.903394
0.903391
0.903389
0.903387
0.903384
0.903382
0.90338
0.903377
0.903375
0.903373
0.90337
0.903368
0.903366
0.903363
0.903361
0.903359
0.903356
0.903354
0.903352
0.903349
0.903347
0.903345
0.903342
0.90334
0.903338
0.903335
0.903333
0.903331
0.903328
0.903326
0.903324
0.903321
0.903319
0.903317
0.903314
0.903312
0.90331
0.903308
0.903305
0.903303
0.903301
0.903298
0.903296
0.903294
0.903291
0.903289
0.903287
0.903285
0.903282
0.90328
0.903278
0.903275
0.903273
0.903271
0.903269
0.903266
0.903264
0.903262
0.90326
0.903257
0.903255
0.903253
0.90325
0.903248
0.903246
0.903244
0.903241
0.903239
0.903237
0.903235
0.903232
0.90323
0.903228
0.903226
0.903223
0.903221
0.903219
0.903217
0.903214
0.903212
0.90321
0.903208
0.903205
0.903203
0.903201
0.903199
0.903197
0.903194
0.903192
0.90319
0.903188
0.903185
0.903183
0.903181
0.903179
0.903177
0.903174
0.903172
0.90317
0.903168
0.903166
0.903163
0.903161
0.903159
0.903157
0.903155
0.903152
0.90315
0.903148
0.903146
0.903144
0.903141
0.903139
0.903137
0.903135
0.903133
0.90313
0.903128
0.903126
0.903124
0.903122
0.90312
0.903117
0.903115
0.903113
0.903111
0.903109
0.903107
0.903104
0.903102
0.9031
0.903098
0.903096
0.903094
0.903091
0.903089
0.903087
0.903085
0.903083
0.903081
0.903078
0.903076
0.903074
0.903072
0.90307
0.903068
0.903066
0.903063
0.903061
0.903059
0.903057
0.903055
0.903053
0.903051
0.903049
0.903046
0.903044
0.903042
0.90304
0.903038
0.903036
0.903034
0.903032
0.903029
0.903027
0.903025
0.903023
0.903021
0.903019
0.903017
0.903015
0.903013
0.903011
0.903008
0.903006
0.903004
0.903002
0.903
0.902998
0.902996
0.902994
0.902992
0.90299
0.902988
0.902985
0.902983
0.902981
0.902979
0.902977
0.902975
0.902973
0.902971
0.902969
0.902967
0.902965
0.902963
0.902961
0.902958
0.902956
0.902954
0.902952
0.90295
0.902948
0.902946
0.902944
0.902942
0.90294
0.902938
0.902936
0.902934
0.902932
0.90293
0.902928
0.902926
0.902924
0.902922
0.90292
0.902917
0.902915
0.902913
0.902911
0.902909
0.902907
0.902905
0.902903
0.902901
0.902899
0.902897
0.902895
0.902893
0.902891
0.902889
0.902887
0.902885
0.902883
0.902881
0.902879
0.902877
0.902875
0.902873
0.902871
0.902869
0.902867
0.902865
0.902863
0.902861
0.902859
0.902857
0.902855
0.902853
0.902851
0.902849
0.902847
0.902845
0.902843
0.902841
0.902839
0.902837
0.902835
0.902833
0.902831
0.902829
0.902827
0.902825
0.902823
0.902821
0.902819
0.902817
0.902815
0.902813
0.902811
0.90281
0.902808
0.902806
0.902804
0.902802
0.9028
0.902798
0.902796
0.902794
0.902792
0.90279
0.902788
0.902786
0.902784
0.902782
0.90278
0.902778
0.902776
0.902774
0.902772
0.902771
0.902769
0.902767
0.902765
0.902763
0.902761
0.902759
0.902757
0.902755
0.902753
0.902751
0.902749
0.902747
0.902745
0.902744
0.902742
0.90274
0.902738
0.902736
0.902734
0.902732
0.90273
0.902728
0.902726
0.902724
0.902723
0.902721
0.902719
0.902717
0.902715
0.902713
0.902711
0.902709
0.902707
0.902705
0.902704
0.902702
0.9027
0.902698
0.902696
0.902694
0.902692
0.90269
0.902688
0.902687
0.902685
0.902683
0.902681
0.902679
0.902677
0.902675
0.902673
0.902672
0.90267
0.902668
0.902666
0.902664
0.902662
0.90266
0.902659
0.902657
0.902655
0.902653
0.902651
0.902649
0.902647
0.902646
0.902644
0.902642
0.90264
0.902638
0.902636
0.902635
0.902633
0.902631
0.902629
0.902627
0.902625
0.902623
0.902622
0.90262
0.902618
0.902616
0.902614
0.902613
0.902611
0.902609
0.902607
0.902605
0.902603
0.902602
0.9026
0.902598
0.902596
0.902594
0.902592
0.902591
0.902589
0.902587
0.902585
0.902583
0.902582
0.90258
0.902578
0.902576
0.902574
0.902573
0.902571
0.902569
0.902567
0.902565
0.902564
0.902562
0.90256
0.902558
0.902556
0.902555
0.902553
0.902551
0.902549
0.902548
0.902546
0.902544
0.902542
0.90254
0.902539
0.902537
0.902535
0.902533
0.902532
0.90253
0.902528
0.902526
0.902524
0.902523
0.902521
0.902519
0.902517
0.902516
0.902514
0.902512
0.90251
0.902509
0.902507
0.902505
0.902503
0.902502
0.9025
0.902498
0.902496
0.902495
0.902493
0.902491
0.902489
0.902488
0.902486
0.902484
0.902482
0.902481
0.902479
0.902477
0.902475
0.902474
0.902472
0.90247
0.902469
0.902467
0.902465
0.902463
0.902462
0.90246
0.902458
0.902456
0.902455
0.902453
0.902451
0.90245
0.902448
0.902446
0.902444
0.902443
0.902441
0.902439
0.902438
0.902436
0.902434
0.902432
0.902431
0.902429
0.902427
0.902426
0.902424
0.902422
0.902421
0.902419
0.902417
0.902415
0.902414
0.902412
0.90241
0.902409
0.902407
0.902405
0.902404
0.902402
0.9024
0.902399
0.902397
0.902395
0.902394
0.902392
0.90239
0.902389
0.902387
0.902385
0.902384
0.902382
0.90238
0.902379
0.902377
0.902375
0.902374
0.902372
0.90237
0.902369
0.902367
0.902365
0.902364
0.902362
0.90236
0.902359
0.902357
0.902355
0.902354
0.902352
0.90235
0.902349
0.902347
0.902345
0.902344
0.902342
0.902341
0.902339
0.902337
0.902336
0.902334
0.902332
0.902331
0.902329
0.902327
0.902326
0.902324
0.902323
0.902321
0.902319
0.902318
0.902316
0.902314
0.902313
0.902311
0.90231
0.902308
0.902306
0.902305
0.902303
0.902301
0.9023
0.902298
0.902297
0.902295
0.902293
0.902292
0.90229
0.902289
0.902287
0.902285
0.902284
0.902282
0.902281
0.902279
0.902277
0.902276
0.902274
0.902273
0.902271
0.902269
0.902268
0.902266
0.902265
0.902263
0.902261
0.90226
0.902258
0.902257
0.902255
0.902254
0.902252
0.90225
0.902249
0.902247
0.902246
0.902244
0.902242
0.902241
0.902239
0.902238
0.902236
0.902235
0.902233
0.902232
0.90223
0.902228
0.902227
0.902225
0.902224
0.902222
0.902221
0.902219
0.902217
0.902216
0.902214
0.902213
0.902211
0.90221
0.902208
0.902207
0.902205
0.902204
0.902202
0.9022
0.902199
0.902197
0.902196
0.902194
0.902193
0.902191
0.90219
0.902188
0.902187
0.902185
0.902183
0.902182
0.90218
0.902179
0.902177
0.902176
0.902174
0.902173
0.902171
0.90217
0.902168
0.902167
0.902165
0.902164
0.902162
0.902161
0.902159
0.902158
0.902156
0.902155
0.902153
0.902152
0.90215
0.902149
0.902147
0.902146
0.902144
0.902142
0.902141
0.902139
0.902138
0.902136
0.902135
0.902133
0.902132
0.90213
0.902129
0.902128
0.902126
0.902125
0.902123
0.902122
0.90212
0.902119
0.902117
0.902116
0.902114
0.902113
0.902111
0.90211
0.902108
0.902107
0.902105
0.902104
0.902102
0.902101
0.902099
0.902098
0.902096
0.902095
0.902093
0.902092
0.90209
0.902089
0.902088
0.902086
0.902085
0.902083
0.902082
0.90208
0.902079
0.902077
0.902076
0.902074
0.902073
0.902071
0.90207
0.902069
0.902067
0.902066
0.902064
0.902063
0.902061
0.90206
0.902058
0.902057
0.902056
0.902054
0.902053
0.902051
0.90205
0.902048
0.902047
0.902045
0.902044
0.902043
0.902041
0.90204
0.902038
0.902037
0.902035
0.902034
0.902033
0.902031
0.90203
0.902028
0.902027
0.902025
0.902024
0.902023
0.902021
0.90202
0.902018
0.902017
0.902015
0.902014
0.902013
0.902011
0.90201
0.902008
0.902007
0.902006
0.902004
0.902003
0.902001
0.902
0.901999
0.901997
0.901996
0.901994
0.901993
0.901992
0.90199
0.901989
0.901987
0.901986
0.901985
0.901983
0.901982
0.90198
0.901979
0.901978
0.901976
0.901975
0.901973
0.901972
0.901971
0.901969
0.901968
0.901966
0.901965
0.901964
0.901962
0.901961
0.90196
0.901958
0.901957
0.901955
0.901954
0.901953
0.901951
0.90195
0.901949
0.901947
0.901946
0.901944
0.901943
0.901942
0.90194
0.901939
0.901938
0.901936
0.901935
0.901934
0.901932
0.901931
0.901929
0.901928
0.901927
0.901925
0.901924
0.901923
0.901921
0.90192
0.901919
0.901917
0.901916
0.901915
0.901913
0.901912
0.901911
0.901909
0.901908
0.901907
0.901905
0.901904
0.901903
0.901901
0.9019
0.901899
0.901897
0.901896
0.901895
0.901893
0.901892
0.901891
0.901889
0.901888
0.901887
0.901885
0.901884
0.901883
0.901881
0.90188
0.901879
0.901877
0.901876
0.901875
0.901873
0.901872
0.901871
0.901869
0.901868
0.901867
0.901865
0.901864
0.901863
0.901861
0.90186
0.901859
0.901858
0.901856
0.901855
0.901854
0.901852
0.901851
0.90185
0.901848
0.901847
0.901846
0.901845
0.901843
0.901842
0.901841
0.901839
0.901838
0.901837
0.901835
0.901834
0.901833
0.901832
0.90183
0.901829
0.901828
0.901826
0.901825
0.901824
0.901823
0.901821
0.90182
0.901819
0.901817
0.901816
0.901815
0.901814
0.901812
0.901811
0.90181
0.901808
0.901807
0.901806
0.901805
0.901803
0.901802
0.901801
0.9018
0.901798
0.901797
0.901796
0.901795
0.901793
0.901792
0.901791
0.901789
0.901788
0.901787
0.901786
0.901784
0.901783
0.901782
0.901781
0.901779
0.901778
0.901777
0.901776
0.901774
0.901773
0.901772
0.901771
0.901769
0.901768
0.901767
0.901766
0.901764
0.901763
0.901762
0.901761
0.901759
0.901758
0.901757
0.901756
0.901755
0.901753
0.901752
0.901751
0.90175
0.901748
0.901747
0.901746
0.901745
0.901743
0.901742
0.901741
0.90174
0.901739
0.901737
0.901736
0.901735
0.901734
0.901732
0.901731
0.90173
0.901729
0.901728
0.901726
0.901725
0.901724
0.901723
0.901721
0.90172
0.901719
0.901718
0.901717
0.901715
0.901714
0.901713
0.901712
0.901711
0.901709
0.901708
0.901707
0.901706
0.901705
0.901703
0.901702
0.901701
0.9017
0.901699
0.901697
0.901696
0.901695
0.901694
0.901693
0.901691
0.90169
0.901689
0.901688
0.901687
0.901685
0.901684
0.901683
0.901682
0.901681
0.90168
0.901678
0.901677
0.901676
0.901675
0.901674
0.901672
0.901671
0.90167
0.901669
0.901668
0.901667
0.901665
0.901664
0.901663
0.901662
0.901661
0.901659
0.901658
0.901657
0.901656
0.901655
0.901654
0.901652
0.901651
0.90165
0.901649
0.901648
0.901647
0.901645
0.901644
0.901643
0.901642
0.901641
0.90164
0.901639
0.901637
0.901636
0.901635
0.901634
0.901633
0.901632
0.90163
0.901629
0.901628
0.901627
0.901626
0.901625
0.901624
0.901622
0.901621
0.90162
0.901619
0.901618
0.901617
0.901616
0.901614
0.901613
0.901612
0.901611
0.90161
0.901609
0.901608
0.901606
0.901605
0.901604
0.901603
0.901602
0.901601
0.9016
0.901599
0.901597
0.901596
0.901595
0.901594
0.901593
0.901592
0.901591
0.90159
0.901588
0.901587
0.901586
0.901585
0.901584
0.901583
0.901582
0.901581
0.90158
0.901578
0.901577
0.901576
0.901575
0.901574
0.901573
0.901572
0.901571
0.901569
0.901568
0.901567
0.901566
0.901565
0.901564
0.901563
0.901562
0.901561
0.90156
0.901558
0.901557
0.901556
0.901555
0.901554
0.901553
0.901552
0.901551
0.90155
0.901549
0.901547
0.901546
0.901545
0.901544
0.901543
0.901542
0.901541
0.90154
0.901539
0.901538
0.901537
0.901536
0.901534
0.901533
0.901532
0.901531
0.90153
0.901529
0.901528
0.901527
0.901526
0.901525
0.901524
0.901523
0.901521
0.90152
0.901519
0.901518
0.901517
0.901516
0.901515
0.901514
0.901513
0.901512
0.901511
0.90151
0.901509
0.901508
0.901507
0.901505
0.901504
0.901503
0.901502
0.901501
0.9015
0.901499
0.901498
0.901497
0.901496
0.901495
0.901494
0.901493
0.901492
0.901491
0.90149
0.901489
0.901487
0.901486
0.901485
0.901484
0.901483
0.901482
0.901481
0.90148
0.901479
0.901478
0.901477
0.901476
0.901475
0.901474
0.901473
0.901472
0.901471
0.90147
0.901469
0.901468
0.901467
0.901466
0.901465
0.901463
0.901462
0.901461
0.90146
0.901459
0.901458
0.901457
0.901456
0.901455
0.901454
0.901453
0.901452
0.901451
0.90145
0.901449
0.901448
0.901447
0.901446
0.901445
0.901444
0.901443
0.901442
0.901441
0.90144
0.901439
0.901438
0.901437
0.901436
0.901435
0.901434
0.901433
0.901432
0.901431
0.90143
0.901429
0.901428
0.901427
0.901426
0.901425
0.901424
0.901423
0.901422
0.901421
0.90142
0.901419
0.901418
0.901417
0.901416
0.901415
0.901414
0.901413
0.901412
0.901411
0.90141
0.901409
0.901408
0.901407
0.901406
0.901405
0.901404
0.901403
0.901402
0.901401
0.9014
0.901399
0.901398
0.901397
0.901396
0.901395
0.901394
0.901393
0.901392
0.901391
0.90139
0.901389
0.901388
0.901387
0.901386
0.901385
0.901384
0.901383
0.901382
0.901381
0.90138
0.901379
0.901378
0.901377
0.901376
0.901375
0.901374
0.901373
0.901372
0.901371
0.90137
0.901369
0.901368
0.901367
0.901366
0.901365
0.901365
0.901364
0.901363
0.901362
0.901361
0.90136
0.901359
0.901358
0.901357
0.901356
0.901355
0.901354
0.901353
0.901352
0.901351
0.90135
0.901349
0.901348
0.901347
0.901346
0.901345
0.901344
0.901343
0.901342
0.901342
0.901341
0.90134
0.901339
0.901338
0.901337
0.901336
0.901335
0.901334
0.901333
0.901332
0.901331
0.90133
0.901329
0.901328
0.901327
0.901326
0.901325
0.901325
0.901324
0.901323
0.901322
0.901321
0.90132
0.901319
0.901318
0.901317
0.901316
0.901315
0.901314
0.901313
0.901312
0.901311
0.901311
0.90131
0.901309
0.901308
0.901307
0.901306
0.901305
0.901304
0.901303
0.901302
0.901301
0.9013
0.901299
0.901299
0.901298
0.901297
0.901296
0.901295
0.901294
0.901293
0.901292
0.901291
0.90129
0.901289
0.901288
0.901288
0.901287
0.901286
0.901285
0.901284
0.901283
0.901282
0.901281
0.90128
0.901279
0.901278
0.901278
0.901277
0.901276
0.901275
0.901274
0.901273
0.901272
0.901271
0.90127
0.901269
0.901269
0.901268
0.901267
0.901266
0.901265
0.901264
0.901263
0.901262
0.901261
0.90126
0.90126
0.901259
0.901258
0.901257
0.901256
0.901255
0.901254
0.901253
0.901252
0.901252
0.901251
0.90125
0.901249
0.901248
0.901247
0.901246
0.901245
0.901244
0.901244
0.901243
0.901242
0.901241
0.90124
0.901239
0.901238
0.901237
0.901237
0.901236
0.901235
0.901234
0.901233
0.901232
0.901231
0.90123
0.90123
0.901229
0.901228
0.901227
0.901226
0.901225
0.901224
0.901223
0.901223
0.901222
0.901221
0.90122
0.901219
0.901218
0.901217
0.901217
0.901216
0.901215
0.901214
0.901213
0.901212
0.901211
0.901211
0.90121
0.901209
0.901208
0.901207
0.901206
0.901205
0.901205
0.901204
0.901203
0.901202
0.901201
0.9012
0.901199
0.901199
0.901198
0.901197
0.901196
0.901195
0.901194
0.901193
0.901193
0.901192
0.901191
0.90119
0.901189
0.901188
0.901188
0.901187
0.901186
0.901185
0.901184
0.901183
0.901183
0.901182
0.901181
0.90118
0.901179
0.901178
0.901178
0.901177
0.901176
0.901175
0.901174
0.901173
0.901173
0.901172
0.901171
0.90117
0.901169
0.901168
0.901168
0.901167
0.901166
0.901165
0.901164
0.901163
0.901163
0.901162
0.901161
0.90116
0.901159
0.901158
0.901158
0.901157
0.901156
0.901155
0.901154
0.901154
0.901153
0.901152
0.901151
0.90115
0.901149
0.901149
0.901148
0.901147
0.901146
0.901145
0.901145
0.901144
0.901143
0.901142
0.901141
0.90114
0.90114
0.901139
0.901138
0.901137
0.901136
0.901136
0.901135
0.901134
0.901133
0.901132
0.901132
0.901131
0.90113
0.901129
0.901128
0.901128
0.901127
0.901126
0.901125
0.901124
0.901124
0.901123
0.901122
0.901121
0.90112
0.90112
0.901119
0.901118
0.901117
0.901116
0.901116
0.901115
0.901114
0.901113
0.901113
0.901112
0.901111
0.90111
0.901109
0.901109
0.901108
0.901107
0.901106
0.901105
0.901105
0.901104
0.901103
0.901102
0.901102
0.901101
0.9011
0.901099
0.901098
0.901098
0.901097
0.901096
0.901095
0.901094
0.901094
0.901093
0.901092
0.901091
0.901091
0.90109
0.901089
0.901088
0.901088
0.901087
0.901086
0.901085
0.901084
0.901084
0.901083
0.901082
0.901081
0.901081
0.90108
0.901079
0.901078
0.901078
0.901077
0.901076
0.901075
0.901074
0.901074
0.901073
0.901072
0.901071
0.901071
0.90107
0.901069
0.901068
0.901068
0.901067
0.901066
0.901065
0.901065
0.901064
0.901063
0.901062
0.901062
0.901061
0.90106
0.901059
0.901059
0.901058
0.901057
0.901056
0.901056
0.901055
0.901054
0.901053
0.901053
0.901052
0.901051
0.90105
0.90105
0.901049
0.901048
0.901047
0.901047
0.901046
0.901045
0.901044
0.901044
0.901043
0.901042
0.901041
0.901041
0.90104
0.901039
0.901038
0.901038
0.901037
0.901036
0.901035
0.901035
0.901034
0.901033
0.901033
0.901032
0.901031
0.90103
0.90103
0.901029
0.901028
0.901027
0.901027
0.901026
0.901025
0.901024
0.901024
0.901023
0.901022
0.901022
0.901021
0.90102
0.901019
0.901019
0.901018
0.901017
0.901016
0.901016
0.901015
0.901014
0.901014
0.901013
0.901012
0.901011
0.901011
0.90101
0.901009
0.901009
0.901008
0.901007
0.901006
0.901006
0.901005
0.901004
0.901004
0.901003
0.901002
0.901001
0.901001
0.901
0.900999
0.900999
0.900998
0.900997
0.900996
0.900996
0.900995
0.900994
0.900994
0.900993
0.900992
0.900992
0.900991
0.90099
0.900989
0.900989
0.900988
0.900987
0.900987
0.900986
0.900985
0.900984
0.900984
0.900983
0.900982
0.900982
0.900981
0.90098
0.90098
0.900979
0.900978
0.900977
0.900977
0.900976
0.900975
0.900975
0.900974
0.900973
0.900973
0.900972
0.900971
0.900971
0.90097
0.900969
0.900968
0.900968
0.900967
0.900966
0.900966
0.900965
0.900964
0.900964
0.900963
0.900962
0.900962
0.900961
0.90096
0.90096
0.900959
0.900958
0.900958
0.900957
0.900956
0.900955
0.900955
0.900954
0.900953
0.900953
0.900952
0.900951
0.900951
0.90095
0.900949
0.900949
0.900948
0.900947
0.900947
0.900946
0.900945
0.900945
0.900944
0.900943
0.900943
0.900942
0.900941
0.900941
0.90094
0.900939
0.900939
0.900938
0.900937
0.900937
0.900936
0.900935
0.900935
0.900934
0.900933
0.900933
0.900932
0.900931
0.900931
0.90093
0.900929
0.900929
0.900928
0.900927
0.900927
0.900926
0.900925
0.900925
0.900924
0.900923
0.900923
0.900922
0.900921
0.900921
0.90092
0.900919
0.900919
0.900918
0.900917
0.900917
0.900916
0.900916
0.900915
0.900914
0.900914
0.900913
0.900912
0.900912
0.900911
0.90091
0.90091
0.900909
0.900908
0.900908
0.900907
0.900906
0.900906
0.900905
0.900904
0.900904
0.900903
0.900903
0.900902
0.900901
0.900901
0.9009
0.900899
0.900899
0.900898
0.900897
0.900897
0.900896
0.900896
0.900895
0.900894
0.900894
0.900893
0.900892
0.900892
0.900891
0.90089
0.90089
0.900889
0.900889
0.900888
0.900887
0.900887
0.900886
0.900885
0.900885
0.900884
0.900883
0.900883
0.900882
0.900882
0.900881
0.90088
0.90088
0.900879
0.900878
0.900878
0.900877
0.900877
0.900876
0.900875
0.900875
0.900874
0.900873
0.900873
0.900872
0.900872
0.900871
0.90087
0.90087
0.900869
0.900868
0.900868
0.900867
0.900867
0.900866
0.900865
0.900865
0.900864
0.900864
0.900863
0.900862
0.900862
0.900861
0.90086
0.90086
0.900859
0.900859
0.900858
0.900857
0.900857
0.900856
0.900856
0.900855
0.900854
0.900854
0.900853
0.900853
0.900852
0.900851
0.900851
0.90085
0.90085
0.900849
0.900848
0.900848
0.900847
0.900846
0.900846
0.900845
0.900845
0.900844
0.900843
0.900843
0.900842
0.900842
0.900841
0.90084
0.90084
0.900839
0.900839
0.900838
0.900837
0.900837
0.900836
0.900836
0.900835
0.900834
0.900834
0.900833
0.900833
0.900832
0.900832
0.900831
0.90083
0.90083
0.900829
0.900829
0.900828
0.900827
0.900827
0.900826
0.900826
0.900825
0.900824
0.900824
0.900823
0.900823
0.900822
0.900821
0.900821
0.90082
0.90082
0.900819
0.900819
0.900818
0.900817
0.900817
0.900816
0.900816
0.900815
0.900814
0.900814
0.900813
0.900813
0.900812
0.900812
0.900811
0.90081
0.90081
0.900809
0.900809
0.900808
0.900808
0.900807
0.900806
0.900806
0.900805
0.900805
0.900804
0.900804
0.900803
0.900802
0.900802
0.900801
0.900801
0.9008
0.9008
0.900799
0.900798
0.900798
0.900797
0.900797
0.900796
0.900796
0.900795
0.900794
0.900794
0.900793
0.900793
0.900792
0.900792
0.900791
0.90079
0.90079
0.900789
0.900789
0.900788
0.900788
0.900787
0.900786
0.900786
0.900785
0.900785
0.900784
0.900784
0.900783
0.900783
0.900782
0.900781
0.900781
0.90078
0.90078
0.900779
0.900779
0.900778
0.900778
0.900777
0.900776
0.900776
0.900775
0.900775
0.900774
0.900774
0.900773
0.900773
0.900772
0.900771
0.900771
0.90077
0.90077
0.900769
0.900769
0.900768
0.900768
0.900767
0.900767
0.900766
0.900765
0.900765
0.900764
0.900764
0.900763
0.900763
0.900762
0.900762
0.900761
0.900761
0.90076
0.900759
0.900759
0.900758
0.900758
0.900757
0.900757
0.900756
0.900756
0.900755
0.900755
0.900754
0.900753
0.900753
0.900752
0.900752
0.900751
0.900751
0.90075
0.90075
0.900749
0.900749
0.900748
0.900748
0.900747
0.900747
0.900746
0.900745
0.900745
0.900744
0.900744
0.900743
0.900743
0.900742
0.900742
0.900741
0.900741
0.90074
0.90074
0.900739
0.900739
0.900738
0.900738
0.900737
0.900736
0.900736
0.900735
0.900735
0.900734
0.900734
0.900733
0.900733
0.900732
0.900732
0.900731
0.900731
0.90073
0.90073
0.900729
0.900729
0.900728
0.900728
0.900727
0.900727
0.900726
0.900725
0.900725
0.900724
0.900724
0.900723
0.900723
0.900722
0.900722
0.900721
0.900721
0.90072
0.90072
0.900719
0.900719
0.900718
0.900718
0.900717
0.900717
0.900716
0.900716
0.900715
0.900715
0.900714
0.900714
0.900713
0.900713
0.900712
0.900712
0.900711
0.900711
0.90071
0.90071
0.900709
0.900709
0.900708
0.900708
0.900707
0.900707
0.900706
0.900706
0.900705
0.900705
0.900704
0.900704
0.900703
0.900703
0.900702
0.900702
0.900701
0.900701
0.9007
0.9007
0.900699
0.900699
0.900698
0.900698
0.900697
0.900697
0.900696
0.900696
0.900695
0.900695
0.900694
0.900694
0.900693
0.900693
0.900692
0.900692
0.900691
0.900691
0.90069
0.90069
0.900689
0.900689
0.900688
0.900688
0.900687
0.900687
0.900686
0.900686
0.900685
0.900685
0.900684
0.900684
0.900683
0.900683
0.900682
0.900682
0.900681
0.900681
0.90068
0.90068
0.900679
0.900679
0.900678
0.900678
0.900677
0.900677
0.900676
0.900676
0.900675
0.900675
0.900674
0.900674
0.900673
0.900673
0.900673
0.900672
0.900672
0.900671
0.900671
0.90067
0.90067
0.900669
0.900669
0.900668
0.900668
0.900667
0.900667
0.900666
0.900666
0.900665
0.900665
0.900664
0.900664
0.900663
0.900663
0.900662
0.900662
0.900662
0.900661
0.900661
0.90066
0.90066
0.900659
0.900659
0.900658
0.900658
0.900657
0.900657
0.900656
0.900656
0.900655
0.900655
0.900654
0.900654
0.900654
0.900653
0.900653
0.900652
0.900652
0.900651
0.900651
0.90065
0.90065
0.900649
0.900649
0.900648
0.900648
0.900647
0.900647
0.900647
0.900646
0.900646
0.900645
0.900645
0.900644
0.900644
0.900643
0.900643
0.900642
0.900642
0.900641
0.900641
0.900641
0.90064
0.90064
0.900639
0.900639
0.900638
0.900638
0.900637
0.900637
0.900636
0.900636
0.900636
0.900635
0.900635
0.900634
0.900634
0.900633
0.900633
0.900632
0.900632
0.900631
0.900631
0.900631
0.90063
0.90063
0.900629
0.900629
0.900628
0.900628
0.900627
0.900627
0.900626
0.900626
0.900626
0.900625
0.900625
0.900624
0.900624
0.900623
0.900623
0.900622
0.900622
0.900622
0.900621
0.900621
0.90062
0.90062
0.900619
0.900619
0.900618
0.900618
0.900618
0.900617
0.900617
0.900616
0.900616
0.900615
0.900615
0.900614
0.900614
0.900614
0.900613
0.900613
0.900612
0.900612
0.900611
0.900611
0.900611
0.90061
0.90061
0.900609
0.900609
0.900608
0.900608
0.900607
0.900607
0.900607
0.900606
0.900606
0.900605
0.900605
0.900604
0.900604
0.900604
0.900603
0.900603
0.900602
0.900602
0.900601
0.900601
0.900601
0.9006
0.9006
0.900599
0.900599
0.900598
0.900598
0.900598
0.900597
0.900597
0.900596
0.900596
0.900595
0.900595
0.900595
0.900594
0.900594
0.900593
0.900593
0.900592
0.900592
0.900592
0.900591
0.900591
0.90059
0.90059
0.900589
0.900589
0.900589
0.900588
0.900588
0.900587
0.900587
0.900587
0.900586
0.900586
0.900585
0.900585
0.900584
0.900584
0.900584
0.900583
0.900583
0.900582
0.900582
0.900581
0.900581
0.900581
0.90058
0.90058
0.900579
0.900579
0.900579
0.900578
0.900578
0.900577
0.900577
0.900576
0.900576
0.900576
0.900575
0.900575
0.900574
0.900574
0.900574
0.900573
0.900573
0.900572
0.900572
0.900572
0.900571
0.900571
0.90057
0.90057
0.90057
0.900569
0.900569
0.900568
0.900568
0.900567
0.900567
0.900567
0.900566
0.900566
0.900565
0.900565
0.900565
0.900564
0.900564
0.900563
0.900563
0.900563
0.900562
0.900562
0.900561
0.900561
0.900561
0.90056
0.90056
0.900559
0.900559
0.900559
0.900558
0.900558
0.900557
0.900557
0.900557
0.900556
0.900556
0.900555
0.900555
0.900555
0.900554
0.900554
0.900553
0.900553
0.900553
0.900552
0.900552
0.900551
0.900551
0.900551
0.90055
0.90055
0.900549
0.900549
0.900549
0.900548
0.900548
0.900547
0.900547
0.900547
0.900546
0.900546
0.900546
0.900545
0.900545
0.900544
0.900544
0.900544
0.900543
0.900543
0.900542
0.900542
0.900542
0.900541
0.900541
0.90054
0.90054
0.90054
0.900539
0.900539
0.900539
0.900538
0.900538
0.900537
0.900537
0.900537
0.900536
0.900536
0.900535
0.900535
0.900535
0.900534
0.900534
0.900533
0.900533
0.900533
0.900532
0.900532
0.900532
0.900531
0.900531
0.90053
0.90053
0.90053
0.900529
0.900529
0.900529
0.900528
0.900528
0.900527
0.900527
0.900527
0.900526
0.900526
0.900526
0.900525
0.900525
0.900524
0.900524
0.900524
0.900523
0.900523
0.900523
0.900522
0.900522
0.900521
0.900521
0.900521
0.90052
0.90052
0.90052
0.900519
0.900519
0.900518
0.900518
0.900518
0.900517
0.900517
0.900517
0.900516
0.900516
0.900515
0.900515
0.900515
0.900514
0.900514
0.900514
0.900513
0.900513
0.900512
0.900512
0.900512
0.900511
0.900511
0.900511
0.90051
0.90051
0.90051
0.900509
0.900509
0.900508
0.900508
0.900508
0.900507
0.900507
0.900507
0.900506
0.900506
0.900506
0.900505
0.900505
0.900504
0.900504
0.900504
0.900503
0.900503
0.900503
0.900502
0.900502
0.900502
0.900501
0.900501
0.9005
0.9005
0.9005
0.900499
0.900499
0.900499
0.900498
0.900498
0.900498
0.900497
0.900497
0.900497
0.900496
0.900496
0.900495
0.900495
0.900495
0.900494
0.900494
0.900494
0.900493
0.900493
0.900493
0.900492
0.900492
0.900492
0.900491
0.900491
0.90049
0.90049
0.90049
0.900489
0.900489
0.900489
0.900488
0.900488
0.900488
0.900487
0.900487
0.900487
0.900486
0.900486
0.900486
0.900485
0.900485
0.900485
0.900484
0.900484
0.900483
0.900483
0.900483
0.900482
0.900482
0.900482
0.900481
0.900481
0.900481
0.90048
0.90048
0.90048
0.900479
0.900479
0.900479
0.900478
0.900478
0.900478
0.900477
0.900477
0.900477
0.900476
0.900476
0.900476
0.900475
0.900475
0.900475
0.900474
0.900474
0.900473
0.900473
0.900473
0.900472
0.900472
0.900472
0.900471
0.900471
0.900471
0.90047
0.90047
0.90047
0.900469
0.900469
0.900469
0.900468
0.900468
0.900468
0.900467
0.900467
0.900467
0.900466
0.900466
0.900466
0.900465
0.900465
0.900465
0.900464
0.900464
0.900464
0.900463
0.900463
0.900463
0.900462
0.900462
0.900462
0.900461
0.900461
0.900461
0.90046
0.90046
0.90046
0.900459
0.900459
0.900459
0.900458
0.900458
0.900458
0.900457
0.900457
0.900457
0.900456
0.900456
0.900456
0.900455
0.900455
0.900455
0.900454
0.900454
0.900454
0.900453
0.900453
0.900453
0.900453
0.900452
0.900452
0.900452
0.900451
0.900451
0.900451
0.90045
0.90045
0.90045
0.900449
0.900449
0.900449
0.900448
0.900448
0.900448
0.900447
0.900447
0.900447
0.900446
0.900446
0.900446
0.900445
0.900445
0.900445
0.900444
0.900444
0.900444
0.900443
0.900443
0.900443
0.900443
0.900442
0.900442
0.900442
0.900441
0.900441
0.900441
0.90044
0.90044
0.90044
0.900439
0.900439
0.900439
0.900438
0.900438
0.900438
0.900437
0.900437
0.900437
0.900437
0.900436
0.900436
0.900436
0.900435
0.900435
0.900435
0.900434
0.900434
0.900434
0.900433
0.900433
0.900433
0.900432
0.900432
0.900432
0.900432
0.900431
0.900431
0.900431
0.90043
0.90043
