0.6
0.600086
0.600178
0.600274
0.600373
0.600474
0.600576
0.600681
0.600786
0.600893
0.601001
0.60111
0.60122
0.601331
0.601442
0.601554
0.601667
0.601781
0.601895
0.60201
0.602125
0.602241
0.602357
0.602474
0.602591
0.602708
0.602826
0.602945
0.603064
0.603183
0.603303
0.603422
0.603543
0.603663
0.603784
0.603905
0.604027
0.604148
0.60427
0.604393
0.604515
0.604638
0.604761
0.604884
0.605008
0.605132
0.605256
0.60538
0.605504
0.605629
0.605754
0.605879
0.606004
0.606129
0.606255
0.60638
0.606506
0.606632
0.606759
0.606885
0.607011
0.607138
0.607265
0.607392
0.607519
0.607646
0.607774
0.607901
0.608029
0.608157
0.608285
0.608413
0.608541
0.608669
0.608798
0.608926
0.609055
0.609184
0.609313
0.609442
0.609571
0.6097
0.609829
0.609959
0.610088
0.610218
0.610348
0.610477
0.610607
0.610737
0.610867
0.610997
0.611128
0.611258
0.611388
0.611519
0.611649
0.61178
0.611911
0.612041
0.612172
0.612303
0.612434
0.612565
0.612696
0.612827
0.612959
0.61309
0.613221
0.613353
0.613484
0.613616
0.613747
0.613879
0.614011
0.614142
0.614274
0.614406
0.614538
0.61467
0.614802
0.614934
0.615066
0.615198
0.615331
0.615463
0.615595
0.615727
0.61586
0.615992
0.616125
0.616257
0.61639
0.616522
0.616655
0.616788
0.61692
0.617053
0.617186
0.617319
0.617451
0.617584
0.617717
0.61785
0.617983
0.618116
0.618249
0.618382
0.618515
0.618648
0.618781
0.618915
0.619048
0.619181
0.619314
0.619447
0.619581
0.619714
0.619847
0.619981
0.620114
0.620247
0.620381
0.620514
0.620647
0.620781
0.620914
0.621048
0.621181
0.621315
0.621448
0.621582
0.621715
0.621849
0.621983
0.622116
0.62225
0.622383
0.622517
0.622651
0.622784
0.622918
0.623052
0.623185
0.623319
0.623453
0.623586
0.62372
0.623854
0.623987
0.624121
0.624255
0.624388
0.624522
0.624656
0.62479
0.624923
0.625057
0.625191
0.625325
0.625458
0.625592
0.625726
0.62586
0.625993
0.626127
0.626261
0.626395
0.626528
0.626662
0.626796
0.62693
0.627063
0.627197
0.627331
0.627465
0.627598
0.627732
0.627866
0.628
0.628133
0.628267
0.628401
0.628534
0.628668
0.628802
0.628936
0.629069
0.629203
0.629337
0.62947
0.629604
0.629738
0.629871
0.630005
0.630138
0.630272
0.630406
0.630539
0.630673
0.630806
0.63094
0.631073
0.631207
0.63134
0.631474
0.631607
0.631741
0.631874
0.632008
0.632141
0.632275
0.632408
0.632542
0.632675
0.632808
0.632942
0.633075
0.633208
0.633342
0.633475
0.633608
0.633741
0.633875
0.634008
0.634141
0.634274
0.634408
0.634541
0.634674
0.634807
0.63494
0.635073
0.635206
0.635339
0.635472
0.635605
0.635739
0.635871
0.636004
0.636137
0.63627
0.636403
0.636536
0.636669
0.636802
0.636935
0.637068
0.6372
0.637333
0.637466
0.637599
0.637731
0.637864
0.637997
0.638129
0.638262
0.638394
0.638527
0.63866
0.638792
0.638925
0.639057
0.63919
0.639322
0.639454
0.639587
0.639719
0.639851
0.639984
0.640116
0.640248
0.640381
0.640513
0.640645
0.640777
0.640909
0.641041
0.641173
0.641305
0.641438
0.64157
0.641702
0.641833
0.641965
0.642097
0.642229
0.642361
0.642493
0.642625
0.642756
0.642888
0.64302
0.643152
0.643283
0.643415
0.643546
0.643678
0.64381
0.643941
0.644072
0.644204
0.644335
0.644467
0.644598
0.644729
0.644861
0.644992
0.645123
0.645255
0.645386
0.645517
0.645648
0.645779
0.64591
0.646041
0.646172
0.646303
0.646434
0.646565
0.646696
0.646827
0.646958
0.647088
0.647219
0.64735
0.647481
0.647611
0.647742
0.647872
0.648003
0.648134
0.648264
0.648394
0.648525
0.648655
0.648786
0.648916
0.649046
0.649177
0.649307
0.649437
0.649567
0.649697
0.649827
0.649957
0.650088
0.650218
0.650347
0.650477
0.650607
0.650737
0.650867
0.650997
0.651127
0.651256
0.651386
0.651516
0.651645
0.651775
0.651904
0.652034
0.652163
0.652293
0.652422
0.652552
0.652681
0.65281
0.652939
0.653069
0.653198
0.653327
0.653456
0.653585
0.653714
0.653843
0.653972
0.654101
0.65423
0.654359
0.654488
0.654617
0.654745
0.654874
0.655003
0.655131
0.65526
0.655389
0.655517
0.655646
0.655774
0.655902
0.656031
0.656159
0.656287
0.656416
0.656544
0.656672
0.6568
0.656928
0.657056
0.657185
0.657313
0.65744
0.657568
0.657696
0.657824
0.657952
0.65808
0.658207
0.658335
0.658463
0.65859
0.658718
0.658845
0.658973
0.6591
0.659228
0.659355
0.659483
0.65961
0.659737
0.659864
0.659991
0.660119
0.660246
0.660373
0.6605
0.660627
0.660754
0.660881
0.661007
0.661134
0.661261
0.661388
0.661514
0.661641
0.661768
0.661894
0.662021
0.662147
0.662274
0.6624
0.662526
0.662653
0.662779
0.662905
0.663031
0.663158
0.663284
0.66341
0.663536
0.663662
0.663788
0.663914
0.66404
0.664165
0.664291
0.664417
0.664543
0.664668
0.664794
0.664919
0.665045
0.665171
0.665296
0.665421
0.665547
0.665672
0.665797
0.665923
0.666048
0.666173
0.666298
0.666423
0.666548
0.666673
0.666798
0.666923
0.667048
0.667173
0.667297
0.667422
0.667547
0.667671
0.667796
0.667921
0.668045
0.668169
0.668294
0.668418
0.668543
0.668667
0.668791
0.668915
0.66904
0.669164
0.669288
0.669412
0.669536
0.66966
0.669784
0.669907
0.670031
0.670155
0.670279
0.670402
0.670526
0.67065
0.670773
0.670897
0.67102
0.671144
0.671267
0.67139
0.671514
0.671637
0.67176
0.671883
0.672006
0.672129
0.672252
0.672375
0.672498
0.672621
0.672744
0.672867
0.67299
0.673112
0.673235
0.673357
0.67348
0.673603
0.673725
0.673847
0.67397
0.674092
0.674215
0.674337
0.674459
0.674581
0.674703
0.674825
0.674947
0.675069
0.675191
0.675313
0.675435
0.675557
0.675679
0.6758
0.675922
0.676044
0.676165
0.676287
0.676408
0.67653
0.676651
0.676772
0.676894
0.677015
0.677136
0.677257
0.677378
0.6775
0.677621
0.677742
0.677862
0.677983
0.678104
0.678225
0.678346
0.678466
0.678587
0.678708
0.678828
0.678949
0.679069
0.67919
0.67931
0.67943
0.679551
0.679671
0.679791
0.679911
0.680031
0.680152
0.680272
0.680392
0.680511
0.680631
0.680751
0.680871
0.680991
0.68111
0.68123
0.68135
0.681469
0.681589
0.681708
0.681827
0.681947
0.682066
0.682185
0.682305
0.682424
0.682543
0.682662
0.682781
0.6829
0.683019
0.683138
0.683257
0.683376
0.683494
0.683613
0.683732
0.68385
0.683969
0.684087
0.684206
0.684324
0.684443
0.684561
0.684679
0.684797
0.684916
0.685034
0.685152
0.68527
0.685388
0.685506
0.685624
0.685742
0.685859
0.685977
0.686095
0.686213
0.68633
0.686448
0.686565
0.686683
0.6868
0.686918
0.687035
0.687152
0.687269
0.687387
0.687504
0.687621
0.687738
0.687855
0.687972
0.688089
0.688206
0.688323
0.688439
0.688556
0.688673
0.688789
0.688906
0.689022
0.689139
0.689255
0.689372
0.689488
0.689604
0.689721
0.689837
0.689953
0.690069
0.690185
0.690301
0.690417
0.690533
0.690649
0.690765
0.69088
0.690996
0.691112
0.691227
0.691343
0.691458
0.691574
0.691689
0.691805
0.69192
0.692035
0.692151
0.692266
0.692381
0.692496
0.692611
0.692726
0.692841
0.692956
0.693071
0.693186
0.6933
0.693415
0.69353
0.693644
0.693759
0.693873
0.693988
0.694102
0.694217
0.694331
0.694445
0.694559
0.694674
0.694788
0.694902
0.695016
0.69513
0.695244
0.695358
0.695471
0.695585
0.695699
0.695813
0.695926
0.69604
0.696153
0.696267
0.69638
0.696494
0.696607
0.69672
0.696834
0.696947
0.69706
0.697173
0.697286
0.697399
0.697512
0.697625
0.697738
0.697851
0.697964
0.698076
0.698189
0.698302
0.698414
0.698527
0.698639
0.698752
0.698864
0.698976
0.699089
0.699201
0.699313
0.699425
0.699537
0.699649
0.699761
0.699873
0.699985
0.700097
0.700209
0.700321
0.700432
0.700544
0.700656
0.700767
0.700879
0.70099
0.701102
0.701213
0.701324
0.701436
0.701547
0.701658
0.701769
0.70188
0.701991
0.702102
0.702213
0.702324
0.702435
0.702546
0.702656
0.702767
0.702878
0.702988
0.703099
0.703209
0.70332
0.70343
0.70354
0.703651
0.703761
0.703871
0.703981
0.704091
0.704201
0.704311
0.704421
0.704531
0.704641
0.704751
0.704861
0.70497
0.70508
0.70519
0.705299
0.705409
0.705518
0.705628
0.705737
0.705846
0.705956
0.706065
0.706174
0.706283
0.706392
0.706501
0.70661
0.706719
0.706828
0.706937
0.707046
0.707155
0.707263
0.707372
0.70748
0.707589
0.707697
0.707806
0.707914
0.708023
0.708131
0.708239
0.708347
0.708456
0.708564
0.708672
0.70878
0.708888
0.708996
0.709103
0.709211
0.709319
0.709427
0.709534
0.709642
0.70975
0.709857
0.709965
0.710072
0.710179
0.710287
0.710394
0.710501
0.710608
0.710716
0.710823
0.71093
0.711037
0.711144
0.711251
0.711357
0.711464
0.711571
0.711678
0.711784
0.711891
0.711997
0.712104
0.71221
0.712317
0.712423
0.712529
0.712636
0.712742
0.712848
0.712954
0.71306
0.713166
0.713272
0.713378
0.713484
0.71359
0.713696
0.713801
0.713907
0.714013
0.714118
0.714224
0.714329
0.714435
0.71454
0.714645
0.714751
0.714856
0.714961
0.715066
0.715171
0.715276
0.715381
0.715486
0.715591
0.715696
0.715801
0.715906
0.71601
0.716115
0.71622
0.716324
0.716429
0.716533
0.716637
0.716742
0.716846
0.71695
0.717055
0.717159
0.717263
0.717367
0.717471
0.717575
0.717679
0.717783
0.717887
0.71799
0.718094
0.718198
0.718302
0.718405
0.718509
0.718612
0.718716
0.718819
0.718922
0.719026
0.719129
0.719232
0.719335
0.719438
0.719541
0.719644
0.719747
0.71985
0.719953
0.720056
0.720159
0.720261
0.720364
0.720467
0.720569
0.720672
0.720774
0.720877
0.720979
0.721081
0.721184
0.721286
0.721388
0.72149
0.721592
0.721694
0.721796
0.721898
0.722
0.722102
0.722204
0.722306
0.722407
0.722509
0.722611
0.722712
0.722814
0.722915
0.723017
0.723118
0.723219
0.723321
0.723422
0.723523
0.723624
0.723725
0.723826
0.723927
0.724028
0.724129
0.72423
0.724331
0.724432
0.724532
0.724633
0.724733
0.724834
0.724935
0.725035
0.725135
0.725236
0.725336
0.725436
0.725537
0.725637
0.725737
0.725837
0.725937
0.726037
0.726137
0.726237
0.726337
0.726436
0.726536
0.726636
0.726735
0.726835
0.726935
0.727034
0.727134
0.727233
0.727332
0.727432
0.727531
0.72763
0.727729
0.727828
0.727927
0.728027
0.728125
0.728224
0.728323
0.728422
0.728521
0.72862
0.728718
0.728817
0.728916
0.729014
0.729113
0.729211
0.72931
0.729408
0.729506
0.729604
0.729703
0.729801
0.729899
0.729997
0.730095
0.730193
0.730291
0.730389
0.730487
0.730584
0.730682
0.73078
0.730878
0.730975
0.731073
0.73117
0.731268
0.731365
0.731462
0.73156
0.731657
0.731754
0.731851
0.731949
0.732046
0.732143
0.73224
0.732337
0.732433
0.73253
0.732627
0.732724
0.732821
0.732917
0.733014
0.73311
0.733207
0.733303
0.7334
0.733496
0.733592
0.733689
0.733785
0.733881
0.733977
0.734073
0.734169
0.734265
0.734361
0.734457
0.734553
0.734649
0.734745
0.73484
0.734936
0.735032
0.735127
0.735223
0.735318
0.735414
0.735509
0.735604
0.7357
0.735795
0.73589
0.735985
0.73608
0.736175
0.73627
0.736365
0.73646
0.736555
0.73665
0.736745
0.736839
0.736934
0.737029
0.737123
0.737218
0.737312
0.737407
0.737501
0.737596
0.73769
0.737784
0.737878
0.737972
0.738067
0.738161
0.738255
0.738349
0.738443
0.738536
0.73863
0.738724
0.738818
0.738912
0.739005
0.739099
0.739192
0.739286
0.739379
0.739473
0.739566
0.739659
0.739753
0.739846
0.739939
0.740032
0.740125
0.740218
0.740311
0.740404
0.740497
0.74059
0.740683
0.740776
0.740869
0.740961
0.741054
0.741146
0.741239
0.741331
0.741424
0.741516
0.741609
0.741701
0.741793
0.741885
0.741978
0.74207
0.742162
0.742254
0.742346
0.742438
0.74253
0.742622
0.742713
0.742805
0.742897
0.742988
0.74308
0.743172
0.743263
0.743355
0.743446
0.743537
0.743629
0.74372
0.743811
0.743903
0.743994
0.744085
0.744176
0.744267
0.744358
0.744449
0.74454
0.744631
0.744721
0.744812
0.744903
0.744993
0.745084
0.745175
0.745265
0.745356
0.745446
0.745536
0.745627
0.745717
0.745807
0.745898
0.745988
0.746078
0.746168
0.746258
0.746348
0.746438
0.746528
0.746617
0.746707
0.746797
0.746887
0.746976
0.747066
0.747156
0.747245
0.747335
0.747424
0.747513
0.747603
0.747692
0.747781
0.74787
0.74796
0.748049
0.748138
0.748227
0.748316
0.748405
0.748494
0.748582
0.748671
0.74876
0.748849
0.748937
0.749026
0.749114
0.749203
0.749291
0.74938
0.749468
0.749557
0.749645
0.749733
0.749821
0.74991
0.749998
0.750086
0.750174
0.750262
0.75035
0.750438
0.750525
0.750613
0.750701
0.750789
0.750876
0.750964
0.751052
0.751139
0.751227
0.751314
0.751401
0.751489
0.751576
0.751663
0.751751
0.751838
0.751925
0.752012
0.752099
0.752186
0.752273
0.75236
0.752447
0.752534
0.75262
0.752707
0.752794
0.75288
0.752967
0.753054
0.75314
0.753227
0.753313
0.753399
0.753486
0.753572
0.753658
0.753744
0.753831
0.753917
0.754003
0.754089
0.754175
0.754261
0.754346
0.754432
0.754518
0.754604
0.75469
0.754775
0.754861
0.754946
0.755032
0.755117
0.755203
0.755288
0.755374
0.755459
0.755544
0.755629
0.755715
0.7558
0.755885
0.75597
0.756055
0.75614
0.756225
0.75631
0.756395
0.756479
0.756564
0.756649
0.756733
0.756818
0.756903
0.756987
0.757072
0.757156
0.75724
0.757325
0.757409
0.757493
0.757578
0.757662
0.757746
0.75783
0.757914
0.757998
0.758082
0.758166
0.75825
0.758334
0.758417
0.758501
0.758585
0.758668
0.758752
0.758836
0.758919
0.759003
0.759086
0.759169
0.759253
0.759336
0.759419
0.759502
0.759586
0.759669
0.759752
0.759835
0.759918
0.760001
0.760084
0.760167
0.760249
0.760332
0.760415
0.760498
0.76058
0.760663
0.760745
0.760828
0.76091
0.760993
0.761075
0.761158
0.76124
0.761322
0.761404
0.761487
0.761569
0.761651
0.761733
0.761815
0.761897
0.761979
0.762061
0.762143
0.762224
0.762306
0.762388
0.762469
0.762551
0.762633
0.762714
0.762796
0.762877
0.762958
0.76304
0.763121
0.763202
0.763284
0.763365
0.763446
0.763527
0.763608
0.763689
0.76377
0.763851
0.763932
0.764013
0.764094
0.764174
0.764255
0.764336
0.764417
0.764497
0.764578
0.764658
0.764739
0.764819
0.764899
0.76498
0.76506
0.76514
0.765221
0.765301
0.765381
0.765461
0.765541
0.765621
0.765701
0.765781
0.765861
0.765941
0.76602
0.7661
0.76618
0.76626
0.766339
0.766419
0.766498
0.766578
0.766657
0.766737
0.766816
0.766895
0.766975
0.767054
0.767133
0.767212
0.767291
0.76737
0.767449
0.767528
0.767607
0.767686
0.767765
0.767844
0.767923
0.768002
0.76808
0.768159
0.768238
0.768316
0.768395
0.768473
0.768552
0.76863
0.768708
0.768787
0.768865
0.768943
0.769021
0.7691
0.769178
0.769256
0.769334
0.769412
0.76949
0.769568
0.769646
0.769723
0.769801
0.769879
0.769957
0.770034
0.770112
0.77019
0.770267
0.770345
0.770422
0.770499
0.770577
0.770654
0.770731
0.770809
0.770886
0.770963
0.77104
0.771117
0.771194
0.771271
0.771348
0.771425
0.771502
0.771579
0.771656
0.771733
0.771809
0.771886
0.771963
0.772039
0.772116
0.772192
0.772269
0.772345
0.772421
0.772498
0.772574
0.77265
0.772727
0.772803
0.772879
0.772955
0.773031
0.773107
0.773183
0.773259
0.773335
0.773411
0.773487
0.773562
0.773638
0.773714
0.77379
0.773865
0.773941
0.774016
0.774092
0.774167
0.774243
0.774318
0.774393
0.774469
0.774544
0.774619
0.774694
0.774769
0.774844
0.77492
0.774995
0.77507
0.775144
0.775219
0.775294
0.775369
0.775444
0.775518
0.775593
0.775668
0.775742
0.775817
0.775892
0.775966
0.77604
0.776115
0.776189
0.776264
0.776338
0.776412
0.776486
0.77656
0.776635
0.776709
0.776783
0.776857
0.776931
0.777005
0.777079
0.777152
0.777226
0.7773
0.777374
0.777447
0.777521
0.777595
0.777668
0.777742
0.777815
0.777889
0.777962
0.778035
0.778109
0.778182
0.778255
0.778328
0.778402
0.778475
0.778548
0.778621
0.778694
0.778767
0.77884
0.778913
0.778986
0.779058
0.779131
0.779204
0.779277
0.779349
0.779422
0.779495
0.779567
0.77964
0.779712
0.779784
0.779857
0.779929
0.780001
0.780074
0.780146
0.780218
0.78029
0.780362
0.780434
0.780507
0.780578
0.78065
0.780722
0.780794
0.780866
0.780938
0.78101
0.781081
0.781153
0.781225
0.781296
0.781368
0.781439
0.781511
0.781582
0.781654
0.781725
0.781796
0.781868
0.781939
0.78201
0.782081
0.782152
0.782224
0.782295
0.782366
0.782437
0.782508
0.782578
0.782649
0.78272
0.782791
0.782862
0.782932
0.783003
0.783074
0.783144
0.783215
0.783285
0.783356
0.783426
0.783497
0.783567
0.783637
0.783708
0.783778
0.783848
0.783918
0.783988
0.784059
0.784129
0.784199
0.784269
0.784338
0.784408
0.784478
0.784548
0.784618
0.784688
0.784757
0.784827
0.784897
0.784966
0.785036
0.785105
0.785175
0.785244
0.785314
0.785383
0.785452
0.785522
0.785591
0.78566
0.785729
0.785798
0.785868
0.785937
0.786006
0.786075
0.786144
0.786213
0.786281
0.78635
0.786419
0.786488
0.786557
0.786625
0.786694
0.786762
0.786831
0.7869
0.786968
0.787037
0.787105
0.787173
0.787242
0.78731
0.787378
0.787447
0.787515
0.787583
0.787651
0.787719
0.787787
0.787855
0.787923
0.787991
0.788059
0.788127
0.788195
0.788262
0.78833
0.788398
0.788466
0.788533
0.788601
0.788668
0.788736
0.788803
0.788871
0.788938
0.789006
0.789073
0.78914
0.789208
0.789275
0.789342
0.789409
0.789476
0.789543
0.78961
0.789677
0.789744
0.789811
0.789878
0.789945
0.790012
0.790079
0.790145
0.790212
0.790279
0.790345
0.790412
0.790479
0.790545
0.790612
0.790678
0.790745
0.790811
0.790877
0.790944
0.79101
0.791076
0.791142
0.791208
0.791275
0.791341
0.791407
0.791473
0.791539
0.791605
0.791671
0.791736
0.791802
0.791868
0.791934
0.792
0.792065
0.792131
0.792196
0.792262
0.792328
0.792393
0.792459
0.792524
0.792589
0.792655
0.79272
0.792785
0.792851
0.792916
0.792981
0.793046
0.793111
0.793176
0.793241
0.793306
0.793371
0.793436
0.793501
0.793566
0.793631
0.793696
0.79376
0.793825
0.79389
0.793954
0.794019
0.794083
0.794148
0.794213
0.794277
0.794341
0.794406
0.79447
0.794534
0.794599
0.794663
0.794727
0.794791
0.794855
0.79492
0.794984
0.795048
0.795112
0.795176
0.79524
0.795303
0.795367
0.795431
0.795495
0.795559
0.795622
0.795686
0.79575
0.795813
0.795877
0.79594
0.796004
0.796067
0.796131
0.796194
0.796257
0.796321
0.796384
0.796447
0.796511
0.796574
0.796637
0.7967
0.796763
0.796826
0.796889
0.796952
0.797015
0.797078
0.797141
0.797204
0.797266
0.797329
0.797392
0.797454
0.797517
0.79758
0.797642
0.797705
0.797767
0.79783
0.797892
0.797955
0.798017
0.798079
0.798142
0.798204
0.798266
0.798328
0.798391
0.798453
0.798515
0.798577
0.798639
0.798701
0.798763
0.798825
0.798887
0.798948
0.79901
0.799072
0.799134
0.799196
0.799257
0.799319
0.79938
0.799442
0.799504
0.799565
0.799627
0.799688
0.799749
0.799811
0.799872
0.799933
0.799995
0.800056
0.800117
0.800178
0.800239
0.8003
0.800361
0.800422
0.800483
0.800544
0.800605
0.800666
0.800727
0.800788
0.800849
0.800909
0.80097
0.801031
0.801091
0.801152
0.801213
0.801273
0.801334
0.801394
0.801455
0.801515
0.801575
0.801636
0.801696
0.801756
0.801816
0.801877
0.801937
0.801997
0.802057
0.802117
0.802177
0.802237
0.802297
0.802357
0.802417
0.802477
0.802537
0.802596
0.802656
0.802716
0.802776
0.802835
0.802895
0.802955
0.803014
0.803074
0.803133
0.803193
0.803252
0.803311
0.803371
0.80343
0.803489
0.803549
0.803608
0.803667
0.803726
0.803785
0.803844
0.803903
0.803962
0.804021
0.80408
0.804139
0.804198
0.804257
0.804316
0.804375
0.804433
0.804492
0.804551
0.80461
0.804668
0.804727
0.804785
0.804844
0.804902
0.804961
0.805019
0.805078
0.805136
0.805194
0.805253
0.805311
0.805369
0.805427
0.805485
0.805544
0.805602
0.80566
0.805718
0.805776
0.805834
0.805892
0.80595
0.806007
0.806065
0.806123
0.806181
0.806239
0.806296
0.806354
0.806412
0.806469
0.806527
0.806584
0.806642
0.806699
0.806757
0.806814
0.806871
0.806929
0.806986
0.807043
0.807101
0.807158
0.807215
0.807272
0.807329
0.807386
0.807443
0.8075
0.807557
0.807614
0.807671
0.807728
0.807785
0.807842
0.807899
0.807955
0.808012
0.808069
0.808126
0.808182
0.808239
0.808295
0.808352
0.808408
0.808465
0.808521
0.808578
0.808634
0.80869
0.808747
0.808803
0.808859
0.808915
0.808972
0.809028
0.809084
0.80914
0.809196
0.809252
0.809308
0.809364
0.80942
0.809476
0.809532
0.809587
0.809643
0.809699
0.809755
0.80981
0.809866
0.809922
0.809977
0.810033
0.810088
0.810144
0.810199
0.810255
0.81031
0.810366
0.810421
0.810476
0.810532
0.810587
0.810642
0.810697
0.810753
0.810808
0.810863
0.810918
0.810973
0.811028
0.811083
0.811138
0.811193
0.811248
0.811302
0.811357
0.811412
0.811467
0.811522
0.811576
0.811631
0.811685
0.81174
0.811795
0.811849
0.811904
0.811958
0.812013
0.812067
0.812121
0.812176
0.81223
0.812284
0.812339
0.812393
0.812447
0.812501
0.812555
0.812609
0.812663
0.812718
0.812772
0.812826
0.812879
0.812933
0.812987
0.813041
0.813095
0.813149
0.813202
0.813256
0.81331
0.813364
0.813417
0.813471
0.813524
0.813578
0.813631
0.813685
0.813738
0.813792
0.813845
0.813899
0.813952
0.814005
0.814058
0.814112
0.814165
0.814218
0.814271
0.814324
0.814377
0.81443
0.814484
0.814536
0.814589
0.814642
0.814695
0.814748
0.814801
0.814854
0.814907
0.814959
0.815012
0.815065
0.815117
0.81517
0.815223
0.815275
0.815328
0.81538
0.815433
0.815485
0.815538
0.81559
0.815642
0.815695
0.815747
0.815799
0.815851
0.815904
0.815956
0.816008
0.81606
0.816112
0.816164
0.816216
0.816268
0.81632
0.816372
0.816424
0.816476
0.816528
0.81658
0.816631
0.816683
0.816735
0.816787
0.816838
0.81689
0.816942
0.816993
0.817045
0.817096
0.817148
0.817199
0.817251
0.817302
0.817353
0.817405
0.817456
0.817507
0.817558
0.81761
0.817661
0.817712
0.817763
0.817814
0.817865
0.817916
0.817967
0.818018
0.818069
0.81812
0.818171
0.818222
0.818273
0.818324
0.818374
0.818425
0.818476
0.818527
0.818577
0.818628
0.818679
0.818729
0.81878
0.81883
0.818881
0.818931
0.818982
0.819032
0.819082
0.819133
0.819183
0.819233
0.819284
0.819334
0.819384
0.819434
0.819484
0.819534
0.819584
0.819634
0.819684
0.819734
0.819784
0.819834
0.819884
0.819934
0.819984
0.820034
0.820084
0.820133
0.820183
0.820233
0.820282
0.820332
0.820382
0.820431
0.820481
0.82053
0.82058
0.820629
0.820679
0.820728
0.820778
0.820827
0.820876
0.820926
0.820975
0.821024
0.821073
0.821123
0.821172
0.821221
0.82127
0.821319
0.821368
0.821417
0.821466
0.821515
0.821564
0.821613
0.821662
0.821711
0.821759
0.821808
0.821857
0.821906
0.821954
0.822003
0.822052
0.8221
0.822149
0.822197
0.822246
0.822294
0.822343
0.822391
0.82244
0.822488
0.822537
0.822585
0.822633
0.822681
0.82273
0.822778
0.822826
0.822874
0.822922
0.822971
0.823019
0.823067
0.823115
0.823163
0.823211
0.823259
0.823307
0.823354
0.823402
0.82345
0.823498
0.823546
0.823593
0.823641
0.823689
0.823737
0.823784
0.823832
0.823879
0.823927
0.823974
0.824022
0.824069
0.824117
0.824164
0.824212
0.824259
0.824306
0.824354
0.824401
0.824448
0.824495
0.824543
0.82459
0.824637
0.824684
0.824731
0.824778
0.824825
0.824872
0.824919
0.824966
0.825013
0.82506
0.825107
0.825154
0.8252
0.825247
0.825294
0.825341
0.825387
0.825434
0.825481
0.825527
0.825574
0.82562
0.825667
0.825713
0.82576
0.825806
0.825853
0.825899
0.825946
0.825992
0.826038
0.826085
0.826131
0.826177
0.826223
0.826269
0.826316
0.826362
0.826408
0.826454
0.8265
0.826546
0.826592
0.826638
0.826684
0.82673
0.826776
0.826822
0.826867
0.826913
0.826959
0.827005
0.82705
0.827096
0.827142
0.827187
0.827233
0.827279
0.827324
0.82737
0.827415
0.827461
0.827506
0.827552
0.827597
0.827642
0.827688
0.827733
0.827778
0.827824
0.827869
0.827914
0.827959
0.828004
0.82805
0.828095
0.82814
0.828185
0.82823
0.828275
0.82832
0.828365
0.82841
0.828455
0.8285
0.828544
0.828589
0.828634
0.828679
0.828724
0.828768
0.828813
0.828858
0.828902
0.828947
0.828991
0.829036
0.829081
0.829125
0.82917
0.829214
0.829258
0.829303
0.829347
0.829392
0.829436
0.82948
0.829524
0.829569
0.829613
0.829657
0.829701
0.829745
0.82979
0.829834
0.829878
0.829922
0.829966
0.83001
0.830054
0.830098
0.830141
0.830185
0.830229
0.830273
0.830317
0.830361
0.830404
0.830448
0.830492
0.830536
0.830579
0.830623
0.830666
0.83071
0.830753
0.830797
0.830841
0.830884
0.830927
0.830971
0.831014
0.831058
0.831101
0.831144
0.831188
0.831231
0.831274
0.831317
0.83136
0.831404
0.831447
0.83149
0.831533
0.831576
0.831619
0.831662
0.831705
0.831748
0.831791
0.831834
0.831877
0.83192
0.831962
0.832005
0.832048
0.832091
0.832134
0.832176
0.832219
0.832262
0.832304
0.832347
0.832389
0.832432
0.832474
0.832517
0.832559
0.832602
0.832644
0.832687
0.832729
0.832771
0.832814
0.832856
0.832898
0.832941
0.832983
0.833025
0.833067
0.833109
0.833152
0.833194
0.833236
0.833278
0.83332
0.833362
0.833404
0.833446
0.833488
0.83353
0.833571
0.833613
0.833655
0.833697
0.833739
0.833781
0.833822
0.833864
0.833906
0.833947
0.833989
0.834031
0.834072
0.834114
0.834155
0.834197
0.834238
0.83428
0.834321
0.834363
0.834404
0.834445
0.834487
0.834528
0.834569
0.83461
0.834652
0.834693
0.834734
0.834775
0.834816
0.834858
0.834899
0.83494
0.834981
0.835022
0.835063
0.835104
0.835145
0.835186
0.835227
0.835267
0.835308
0.835349
0.83539
0.835431
0.835471
0.835512
0.835553
0.835594
0.835634
0.835675
0.835715
0.835756
0.835797
0.835837
0.835878
0.835918
0.835959
0.835999
0.836039
0.83608
0.83612
0.836161
0.836201
0.836241
0.836281
0.836322
0.836362
0.836402
0.836442
0.836482
0.836523
0.836563
0.836603
0.836643
0.836683
0.836723
0.836763
0.836803
0.836843
0.836883
0.836923
0.836962
0.837002
0.837042
0.837082
0.837122
0.837161
0.837201
0.837241
0.837281
0.83732
0.83736
0.837399
0.837439
0.837479
0.837518
0.837558
0.837597
0.837637
0.837676
0.837715
0.837755
0.837794
0.837834
0.837873
0.837912
0.837951
0.837991
0.83803
0.838069
0.838108
0.838147
0.838187
0.838226
0.838265
0.838304
0.838343
0.838382
0.838421
0.83846
0.838499
0.838538
0.838577
0.838616
0.838654
0.838693
0.838732
0.838771
0.83881
0.838848
0.838887
0.838926
0.838964
0.839003
0.839042
0.83908
0.839119
0.839157
0.839196
0.839235
0.839273
0.839311
0.83935
0.839388
0.839427
0.839465
0.839503
0.839542
0.83958
0.839618
0.839657
0.839695
0.839733
0.839771
0.839809
0.839848
0.839886
0.839924
0.839962
0.84
0.840038
0.840076
0.840114
0.840152
0.84019
0.840228
0.840266
0.840304
0.840341
0.840379
0.840417
0.840455
0.840493
0.84053
0.840568
0.840606
0.840643
0.840681
0.840719
0.840756
0.840794
0.840831
0.840869
0.840906
0.840944
0.840981
0.841019
0.841056
0.841094
0.841131
0.841168
0.841206
0.841243
0.84128
0.841318
0.841355
0.841392
0.841429
0.841466
0.841504
0.841541
0.841578
0.841615
0.841652
0.841689
0.841726
0.841763
0.8418
0.841837
0.841874
0.841911
0.841948
0.841985
0.842021
0.842058
0.842095
0.842132
0.842169
0.842205
0.842242
0.842279
0.842315
0.842352
0.842389
0.842425
0.842462
0.842498
0.842535
0.842571
0.842608
0.842644
0.842681
0.842717
0.842754
0.84279
0.842826
0.842863
0.842899
0.842935
0.842972
0.843008
0.843044
0.84308
0.843116
0.843153
0.843189
0.843225
0.843261
0.843297
0.843333
0.843369
0.843405
0.843441
0.843477
0.843513
0.843549
0.843585
0.843621
0.843657
0.843692
0.843728
0.843764
0.8438
0.843836
0.843871
0.843907
0.843943
0.843978
0.844014
0.84405
0.844085
0.844121
0.844156
0.844192
0.844227
0.844263
0.844298
0.844334
0.844369
0.844405
0.84444
0.844475
0.844511
0.844546
0.844581
0.844617
0.844652
0.844687
0.844722
0.844758
0.844793
0.844828
0.844863
0.844898
0.844933
0.844968
0.845003
0.845038
0.845073
0.845108
0.845143
0.845178
0.845213
0.845248
0.845283
0.845318
0.845353
0.845388
0.845422
0.845457
0.845492
0.845527
0.845561
0.845596
0.845631
0.845665
0.8457
0.845735
0.845769
0.845804
0.845838
0.845873
0.845907
0.845942
0.845976
0.846011
0.846045
0.846079
0.846114
0.846148
0.846183
0.846217
0.846251
0.846285
0.84632
0.846354
0.846388
0.846422
0.846456
0.846491
0.846525
0.846559
0.846593
0.846627
0.846661
0.846695
0.846729
0.846763
0.846797
0.846831
0.846865
0.846899
0.846933
0.846967
0.847
0.847034
0.847068
0.847102
0.847136
0.847169
0.847203
0.847237
0.84727
0.847304
0.847338
0.847371
0.847405
0.847438
0.847472
0.847506
0.847539
0.847573
0.847606
0.84764
0.847673
0.847706
0.84774
0.847773
0.847806
0.84784
0.847873
0.847906
0.84794
0.847973
0.848006
0.848039
0.848073
0.848106
0.848139
0.848172
0.848205
0.848238
0.848271
0.848304
0.848337
0.84837
0.848403
0.848436
0.848469
0.848502
0.848535
0.848568
0.848601
0.848634
0.848667
0.848699
0.848732
0.848765
0.848798
0.84883
0.848863
0.848896
0.848929
0.848961
0.848994
0.849026
0.849059
0.849092
0.849124
0.849157
0.849189
0.849222
0.849254
0.849287
0.849319
0.849352
0.849384
0.849416
0.849449
0.849481
0.849513
0.849546
0.849578
0.84961
0.849642
0.849675
0.849707
0.849739
0.849771
0.849803
0.849835
0.849868
0.8499
0.849932
0.849964
0.849996
0.850028
0.85006
0.850092
0.850124
0.850156
0.850187
0.850219
0.850251
0.850283
0.850315
0.850347
0.850379
0.85041
0.850442
0.850474
0.850506
0.850537
0.850569
0.850601
0.850632
0.850664
0.850695
0.850727
0.850759
0.85079
0.850822
0.850853
0.850885
0.850916
0.850948
0.850979
0.85101
0.851042
0.851073
0.851104
0.851136
0.851167
0.851198
0.85123
0.851261
0.851292
0.851323
0.851355
0.851386
0.851417
0.851448
0.851479
0.85151
0.851541
0.851572
0.851603
0.851634
0.851666
0.851696
0.851727
0.851758
0.851789
0.85182
0.851851
0.851882
0.851913
0.851944
0.851975
0.852005
0.852036
0.852067
0.852098
0.852128
0.852159
0.85219
0.85222
0.852251
0.852282
0.852312
0.852343
0.852374
0.852404
0.852435
0.852465
0.852496
0.852526
0.852557
0.852587
0.852617
0.852648
0.852678
0.852709
0.852739
0.852769
0.8528
0.85283
0.85286
0.85289
0.852921
0.852951
0.852981
0.853011
0.853042
0.853072
0.853102
0.853132
0.853162
0.853192
0.853222
0.853252
0.853282
0.853312
0.853342
0.853372
0.853402
0.853432
0.853462
0.853492
0.853522
0.853552
0.853581
0.853611
0.853641
0.853671
0.853701
0.85373
0.85376
0.85379
0.853819
0.853849
0.853879
0.853908
0.853938
0.853968
0.853997
0.854027
0.854056
0.854086
0.854115
0.854145
0.854174
0.854204
0.854233
0.854263
0.854292
0.854321
0.854351
0.85438
0.85441
0.854439
0.854468
0.854497
0.854527
0.854556
0.854585
0.854614
0.854644
0.854673
0.854702
0.854731
0.85476
0.854789
0.854818
0.854847
0.854876
0.854905
0.854934
0.854963
0.854992
0.855021
0.85505
0.855079
0.855108
0.855137
0.855166
0.855195
0.855224
0.855252
0.855281
0.85531
0.855339
0.855367
0.855396
0.855425
0.855454
0.855482
0.855511
0.85554
0.855568
0.855597
0.855625
0.855654
0.855683
0.855711
0.85574
0.855768
0.855797
0.855825
0.855853
0.855882
0.85591
0.855939
0.855967
0.855995
0.856024
0.856052
0.85608
0.856109
0.856137
0.856165
0.856193
0.856222
0.85625
0.856278
0.856306
0.856334
0.856363
0.856391
0.856419
0.856447
0.856475
0.856503
0.856531
0.856559
0.856587
0.856615
0.856643
0.856671
0.856699
0.856727
0.856755
0.856782
0.85681
0.856838
0.856866
0.856894
0.856922
0.856949
0.856977
0.857005
0.857033
0.85706
0.857088
0.857116
0.857143
0.857171
0.857199
0.857226
0.857254
0.857281
0.857309
0.857336
0.857364
0.857391
0.857419
0.857446
0.857474
0.857501
0.857529
0.857556
0.857584
0.857611
0.857638
0.857666
0.857693
0.85772
0.857747
0.857775
0.857802
0.857829
0.857856
0.857884
0.857911
0.857938
0.857965
0.857992
0.858019
0.858046
0.858074
0.858101
0.858128
0.858155
0.858182
0.858209
0.858236
0.858263
0.85829
0.858317
0.858343
0.85837
0.858397
0.858424
0.858451
0.858478
0.858505
0.858531
0.858558
0.858585
0.858612
0.858638
0.858665
0.858692
0.858719
0.858745
0.858772
0.858798
0.858825
0.858852
0.858878
0.858905
0.858931
0.858958
0.858984
0.859011
0.859037
0.859064
0.85909
0.859117
0.859143
0.85917
0.859196
0.859222
0.859249
0.859275
0.859301
0.859328
0.859354
0.85938
0.859407
0.859433
0.859459
0.859485
0.859511
0.859538
0.859564
0.85959
0.859616
0.859642
0.859668
0.859694
0.85972
0.859746
0.859773
0.859799
0.859825
0.859851
0.859876
0.859902
0.859928
0.859954
0.85998
0.860006
0.860032
0.860058
0.860084
0.860109
0.860135
0.860161
0.860187
0.860213
0.860238
0.860264
0.86029
0.860316
0.860341
0.860367
0.860393
0.860418
0.860444
0.860469
0.860495
0.860521
0.860546
0.860572
0.860597
0.860623
0.860648
0.860674
0.860699
0.860725
0.86075
0.860775
0.860801
0.860826
0.860852
0.860877
0.860902
0.860928
0.860953
0.860978
0.861003
0.861029
0.861054
0.861079
0.861104
0.86113
0.861155
0.86118
0.861205
0.86123
0.861255
0.86128
0.861305
0.861331
0.861356
0.861381
0.861406
0.861431
0.861456
0.861481
0.861506
0.861531
0.861555
0.86158
0.861605
0.86163
0.861655
0.86168
0.861705
0.86173
0.861754
0.861779
0.861804
0.861829
0.861853
0.861878
0.861903
0.861928
0.861952
0.861977
0.862002
0.862026
0.862051
0.862075
0.8621
0.862125
0.862149
0.862174
0.862198
0.862223
0.862247
0.862272
0.862296
0.862321
0.862345
0.86237
0.862394
0.862418
0.862443
0.862467
0.862491
0.862516
0.86254
0.862564
0.862589
0.862613
0.862637
0.862661
0.862686
0.86271
0.862734
0.862758
0.862782
0.862807
0.862831
0.862855
0.862879
0.862903
0.862927
0.862951
0.862975
0.862999
0.863023
0.863047
0.863071
0.863095
0.863119
0.863143
0.863167
0.863191
0.863215
0.863239
0.863263
0.863287
0.86331
0.863334
0.863358
0.863382
0.863406
0.863429
0.863453
0.863477
0.863501
0.863524
0.863548
0.863572
0.863595
0.863619
0.863643
0.863666
0.86369
0.863713
0.863737
0.863761
0.863784
0.863808
0.863831
0.863855
0.863878
0.863902
0.863925
0.863949
0.863972
0.863995
0.864019
0.864042
0.864066
0.864089
0.864112
0.864136
0.864159
0.864182
0.864205
0.864229
0.864252
0.864275
0.864298
0.864322
0.864345
0.864368
0.864391
0.864414
0.864438
0.864461
0.864484
0.864507
0.86453
0.864553
0.864576
0.864599
0.864622
0.864645
0.864668
0.864691
0.864714
0.864737
0.86476
0.864783
0.864806
0.864829
0.864852
0.864874
0.864897
0.86492
0.864943
0.864966
0.864989
0.865011
0.865034
0.865057
0.86508
0.865102
0.865125
0.865148
0.86517
0.865193
0.865216
0.865238
0.865261
0.865284
0.865306
0.865329
0.865351
0.865374
0.865396
0.865419
0.865442
0.865464
0.865486
0.865509
0.865531
0.865554
0.865576
0.865599
0.865621
0.865644
0.865666
0.865688
0.865711
0.865733
0.865755
0.865778
0.8658
0.865822
0.865844
0.865867
0.865889
0.865911
0.865933
0.865955
0.865978
0.866
0.866022
0.866044
0.866066
0.866088
0.86611
0.866133
0.866155
0.866177
0.866199
0.866221
0.866243
0.866265
0.866287
0.866309
0.866331
0.866353
0.866375
0.866396
0.866418
0.86644
0.866462
0.866484
0.866506
0.866528
0.866549
0.866571
0.866593
0.866615
0.866637
0.866658
0.86668
0.866702
0.866724
0.866745
0.866767
0.866789
0.86681
0.866832
0.866854
0.866875
0.866897
0.866918
0.86694
0.866961
0.866983
0.867005
0.867026
0.867048
0.867069
0.867091
0.867112
0.867134
0.867155
0.867176
0.867198
0.867219
0.867241
0.867262
0.867283
0.867305
0.867326
0.867347
0.867369
0.86739
0.867411
0.867433
0.867454
0.867475
0.867496
0.867517
0.867539
0.86756
0.867581
0.867602
0.867623
0.867644
0.867666
0.867687
0.867708
0.867729
0.86775
0.867771
0.867792
0.867813
0.867834
0.867855
0.867876
0.867897
0.867918
0.867939
0.86796
0.867981
0.868002
0.868023
0.868044
0.868064
0.868085
0.868106
0.868127
0.868148
0.868169
0.868189
0.86821
0.868231
0.868252
0.868272
0.868293
0.868314
0.868335
0.868355
0.868376
0.868397
0.868417
0.868438
0.868459
0.868479
0.8685
0.86852
0.868541
0.868561
0.868582
0.868603
0.868623
0.868644
0.868664
0.868685
0.868705
0.868725
0.868746
0.868766
0.868787
0.868807
0.868828
0.868848
0.868868
0.868889
0.868909
0.868929
0.86895
0.86897
0.86899
0.869011
0.869031
0.869051
0.869071
0.869092
0.869112
0.869132
0.869152
0.869172
0.869192
0.869213
0.869233
0.869253
0.869273
0.869293
0.869313
0.869333
0.869353
0.869373
0.869393
0.869413
0.869433
0.869453
0.869473
0.869493
0.869513
0.869533
0.869553
0.869573
0.869593
0.869613
0.869633
0.869653
0.869673
0.869693
0.869712
0.869732
0.869752
0.869772
0.869792
0.869811
0.869831
0.869851
0.869871
0.86989
0.86991
0.86993
0.869949
0.869969
0.869989
0.870008
0.870028
0.870048
0.870067
0.870087
0.870107
0.870126
0.870146
0.870165
0.870185
0.870204
0.870224
0.870243
0.870263
0.870282
0.870302
0.870321
0.870341
0.87036
0.870379
0.870399
0.870418
0.870438
0.870457
0.870476
0.870496
0.870515
0.870534
0.870554
0.870573
0.870592
0.870612
0.870631
0.87065
0.870669
0.870689
0.870708
0.870727
0.870746
0.870765
0.870784
0.870804
0.870823
0.870842
0.870861
0.87088
0.870899
0.870918
0.870937
0.870956
0.870975
0.870994
0.871013
0.871032
0.871051
0.87107
0.871089
0.871108
0.871127
0.871146
0.871165
0.871184
0.871203
0.871222
0.871241
0.87126
0.871278
0.871297
0.871316
0.871335
0.871354
0.871373
0.871391
0.87141
0.871429
0.871448
0.871466
0.871485
0.871504
0.871522
0.871541
0.87156
0.871578
0.871597
0.871616
0.871634
0.871653
0.871672
0.87169
0.871709
0.871727
0.871746
0.871764
0.871783
0.871802
0.87182
0.871839
0.871857
0.871875
0.871894
0.871912
0.871931
0.871949
0.871968
0.871986
0.872004
0.872023
0.872041
0.87206
0.872078
0.872096
0.872115
0.872133
0.872151
0.872169
0.872188
0.872206
0.872224
0.872243
0.872261
0.872279
0.872297
0.872315
0.872334
0.872352
0.87237
0.872388
0.872406
0.872424
0.872442
0.872461
0.872479
0.872497
0.872515
0.872533
0.872551
0.872569
0.872587
0.872605
0.872623
0.872641
0.872659
0.872677
0.872695
0.872713
0.872731
0.872749
0.872767
0.872784
0.872802
0.87282
0.872838
0.872856
0.872874
0.872892
0.872909
0.872927
0.872945
0.872963
0.872981
0.872998
0.873016
0.873034
0.873052
0.873069
0.873087
0.873105
0.873122
0.87314
0.873158
0.873175
0.873193
0.873211
0.873228
0.873246
0.873264
0.873281
0.873299
0.873316
0.873334
0.873351
0.873369
0.873386
0.873404
0.873421
0.873439
0.873456
0.873474
0.873491
0.873509
0.873526
0.873544
0.873561
0.873578
0.873596
0.873613
0.87363
0.873648
0.873665
0.873683
0.8737
0.873717
0.873734
0.873752
0.873769
0.873786
0.873804
0.873821
0.873838
0.873855
0.873872
0.87389
0.873907
0.873924
0.873941
0.873958
0.873975
0.873993
0.87401
0.874027
0.874044
0.874061
0.874078
0.874095
0.874112
0.874129
0.874146
0.874163
0.87418
0.874197
0.874214
0.874231
0.874248
0.874265
0.874282
0.874299
0.874316
0.874333
0.87435
0.874367
0.874384
0.874401
0.874417
0.874434
0.874451
0.874468
0.874485
0.874502
0.874518
0.874535
0.874552
0.874569
0.874586
0.874602
0.874619
0.874636
0.874652
0.874669
0.874686
0.874703
0.874719
0.874736
0.874753
0.874769
0.874786
0.874802
0.874819
0.874836
0.874852
0.874869
0.874885
0.874902
0.874918
0.874935
0.874952
0.874968
0.874985
0.875001
0.875018
0.875034
0.87505
0.875067
0.875083
0.8751
0.875116
0.875133
0.875149
0.875165
0.875182
0.875198
0.875215
0.875231
0.875247
0.875264
0.87528
0.875296
0.875312
0.875329
0.875345
0.875361
0.875378
0.875394
0.87541
0.875426
0.875442
0.875459
0.875475
0.875491
0.875507
0.875523
0.87554
0.875556
0.875572
0.875588
0.875604
0.87562
0.875636
0.875652
0.875668
0.875684
0.8757
0.875716
0.875733
0.875749
0.875765
0.875781
0.875797
0.875813
0.875828
0.875844
0.87586
0.875876
0.875892
0.875908
0.875924
0.87594
0.875956
0.875972
0.875988
0.876003
0.876019
0.876035
0.876051
0.876067
0.876083
0.876098
0.876114
0.87613
0.876146
0.876161
0.876177
0.876193
0.876209
0.876224
0.87624
0.876256
0.876271
0.876287
0.876303
0.876318
0.876334
0.87635
0.876365
0.876381
0.876397
0.876412
0.876428
0.876443
0.876459
0.876474
0.87649
0.876506
0.876521
0.876537
0.876552
0.876568
0.876583
0.876599
0.876614
0.87663
0.876645
0.87666
0.876676
0.876691
0.876707
0.876722
0.876737
0.876753
0.876768
0.876784
0.876799
0.876814
0.87683
0.876845
0.87686
0.876875
0.876891
0.876906
0.876921
0.876937
0.876952
0.876967
0.876982
0.876998
0.877013
0.877028
0.877043
0.877058
0.877074
0.877089
0.877104
0.877119
0.877134
0.877149
0.877164
0.877179
0.877195
0.87721
0.877225
0.87724
0.877255
0.87727
0.877285
0.8773
0.877315
0.87733
0.877345
0.87736
0.877375
0.87739
0.877405
0.87742
0.877435
0.87745
0.877465
0.87748
0.877494
0.877509
0.877524
0.877539
0.877554
0.877569
0.877584
0.877599
0.877613
0.877628
0.877643
0.877658
0.877673
0.877687
0.877702
0.877717
0.877732
0.877746
0.877761
0.877776
0.877791
0.877805
0.87782
0.877835
0.877849
0.877864
0.877879
0.877893
0.877908
0.877923
0.877937
0.877952
0.877966
0.877981
0.877996
0.87801
0.878025
0.878039
0.878054
0.878068
0.878083
0.878097
0.878112
0.878126
0.878141
0.878155
0.87817
0.878184
0.878199
0.878213
0.878228
0.878242
0.878257
0.878271
0.878285
0.8783
0.878314
0.878328
0.878343
0.878357
0.878372
0.878386
0.8784
0.878415
0.878429
0.878443
0.878457
0.878472
0.878486
0.8785
0.878514
0.878529
0.878543
0.878557
0.878571
0.878586
0.8786
0.878614
0.878628
0.878642
0.878657
0.878671
0.878685
0.878699
0.878713
0.878727
0.878741
0.878755
0.878769
0.878784
0.878798
0.878812
0.878826
0.87884
0.878854
0.878868
0.878882
0.878896
0.87891
0.878924
0.878938
0.878952
0.878966
0.87898
0.878994
0.879008
0.879022
0.879035
0.879049
0.879063
0.879077
0.879091
0.879105
0.879119
0.879133
0.879146
0.87916
0.879174
0.879188
0.879202
0.879216
0.879229
0.879243
0.879257
0.879271
0.879284
0.879298
0.879312
0.879326
0.879339
0.879353
0.879367
0.879381
0.879394
0.879408
0.879422
0.879435
0.879449
0.879463
0.879476
0.87949
0.879503
0.879517
0.879531
0.879544
0.879558
0.879571
0.879585
0.879599
0.879612
0.879626
0.879639
0.879653
0.879666
0.87968
0.879693
0.879707
0.87972
0.879734
0.879747
0.879761
0.879774
0.879787
0.879801
0.879814
0.879828
0.879841
0.879854
0.879868
0.879881
0.879895
0.879908
0.879921
0.879935
0.879948
0.879961
0.879975
0.879988
0.880001
0.880015
0.880028
0.880041
0.880054
0.880068
0.880081
0.880094
0.880107
0.880121
0.880134
0.880147
0.88016
0.880173
0.880187
0.8802
0.880213
0.880226
0.880239
0.880252
0.880265
0.880279
0.880292
0.880305
0.880318
0.880331
0.880344
0.880357
0.88037
0.880383
0.880396
0.880409
0.880422
0.880435
0.880448
0.880461
0.880474
0.880487
0.8805
0.880513
0.880526
0.880539
0.880552
0.880565
0.880578
0.880591
0.880604
0.880617
0.88063
0.880642
0.880655
0.880668
0.880681
0.880694
0.880707
0.88072
0.880732
0.880745
0.880758
0.880771
0.880784
0.880796
0.880809
0.880822
0.880835
0.880848
0.88086
0.880873
0.880886
0.880898
0.880911
0.880924
0.880937
0.880949
0.880962
0.880975
0.880987
0.881
0.881013
0.881025
0.881038
0.881051
0.881063
0.881076
0.881088
0.881101
0.881114
0.881126
0.881139
0.881151
0.881164
0.881176
0.881189
0.881201
0.881214
0.881226
0.881239
0.881251
0.881264
0.881276
0.881289
0.881301
0.881314
0.881326
0.881339
0.881351
0.881363
0.881376
0.881388
0.881401
0.881413
0.881425
0.881438
0.88145
0.881463
0.881475
0.881487
0.8815
0.881512
0.881524
0.881537
0.881549
0.881561
0.881573
0.881586
0.881598
0.88161
0.881622
0.881635
0.881647
0.881659
0.881671
0.881684
0.881696
0.881708
0.88172
0.881732
0.881745
0.881757
0.881769
0.881781
0.881793
0.881805
0.881817
0.88183
0.881842
0.881854
0.881866
0.881878
0.88189
0.881902
0.881914
0.881926
0.881938
0.88195
0.881962
0.881974
0.881986
0.881998
0.88201
0.882022
0.882034
0.882046
0.882058
0.88207
0.882082
0.882094
0.882106
0.882118
0.88213
0.882142
0.882154
0.882166
0.882178
0.88219
0.882202
0.882213
0.882225
0.882237
0.882249
0.882261
0.882273
0.882284
0.882296
0.882308
0.88232
0.882332
0.882343
0.882355
0.882367
0.882379
0.882391
0.882402
0.882414
0.882426
0.882438
0.882449
0.882461
0.882473
0.882484
0.882496
0.882508
0.882519
0.882531
0.882543
0.882554
0.882566
0.882578
0.882589
0.882601
0.882613
0.882624
0.882636
0.882647
0.882659
0.882671
0.882682
0.882694
0.882705
0.882717
0.882728
0.88274
0.882751
0.882763
0.882774
0.882786
0.882797
0.882809
0.88282
0.882832
0.882843
0.882855
0.882866
0.882878
0.882889
0.882901
0.882912
0.882923
0.882935
0.882946
0.882958
0.882969
0.88298
0.882992
0.883003
0.883014
0.883026
0.883037
0.883048
0.88306
0.883071
0.883082
0.883094
0.883105
0.883116
0.883128
0.883139
0.88315
0.883161
0.883173
0.883184
0.883195
0.883206
0.883218
0.883229
0.88324
0.883251
0.883262
0.883274
0.883285
0.883296
0.883307
0.883318
0.883329
0.883341
0.883352
0.883363
0.883374
0.883385
0.883396
0.883407
0.883418
0.883429
0.88344
0.883452
0.883463
0.883474
0.883485
0.883496
0.883507
0.883518
0.883529
0.88354
0.883551
0.883562
0.883573
0.883584
0.883595
0.883606
0.883617
0.883628
0.883639
0.88365
0.883661
0.883672
0.883682
0.883693
0.883704
0.883715
0.883726
0.883737
0.883748
0.883759
0.88377
0.88378
0.883791
0.883802
0.883813
0.883824
0.883835
0.883845
0.883856
0.883867
0.883878
0.883889
0.883899
0.88391
0.883921
0.883932
0.883942
0.883953
0.883964
0.883975
0.883985
0.883996
0.884007
0.884018
0.884028
0.884039
0.88405
0.88406
0.884071
0.884082
0.884092
0.884103
0.884114
0.884124
0.884135
0.884145
0.884156
0.884167
0.884177
0.884188
0.884198
0.884209
0.88422
0.88423
0.884241
0.884251
0.884262
0.884272
0.884283
0.884293
0.884304
0.884314
0.884325
0.884335
0.884346
0.884356
0.884367
0.884377
0.884388
0.884398
0.884409
0.884419
0.88443
0.88444
0.884451
0.884461
0.884471
0.884482
0.884492
0.884503
0.884513
0.884523
0.884534
0.884544
0.884554
0.884565
0.884575
0.884585
0.884596
0.884606
0.884616
0.884627
0.884637
0.884647
0.884658
0.884668
0.884678
0.884688
0.884699
0.884709
0.884719
0.884729
0.88474
0.88475
0.88476
0.88477
0.884781
0.884791
0.884801
0.884811
0.884821
0.884831
0.884842
0.884852
0.884862
0.884872
0.884882
0.884892
0.884903
0.884913
0.884923
0.884933
0.884943
0.884953
0.884963
0.884973
0.884983
0.884993
0.885003
0.885014
0.885024
0.885034
0.885044
0.885054
0.885064
0.885074
0.885084
0.885094
0.885104
0.885114
0.885124
0.885134
0.885144
0.885154
0.885164
0.885174
0.885184
0.885193
0.885203
0.885213
0.885223
0.885233
0.885243
0.885253
0.885263
0.885273
0.885283
0.885293
0.885302
0.885312
0.885322
0.885332
0.885342
0.885352
0.885361
0.885371
0.885381
0.885391
0.885401
0.885411
0.88542
0.88543
0.88544
0.88545
0.885459
0.885469
0.885479
0.885489
0.885498
0.885508
0.885518
0.885528
0.885537
0.885547
0.885557
0.885566
0.885576
0.885586
0.885596
0.885605
0.885615
0.885625
0.885634
0.885644
0.885653
0.885663
0.885673
0.885682
0.885692
0.885702
0.885711
0.885721
0.88573
0.88574
0.88575
0.885759
0.885769
0.885778
0.885788
0.885797
0.885807
0.885816
0.885826
0.885835
0.885845
0.885854
0.885864
0.885873
0.885883
0.885892
0.885902
0.885911
0.885921
0.88593
0.88594
0.885949
0.885959
0.885968
0.885978
0.885987
0.885996
0.886006
0.886015
0.886025
0.886034
0.886043
0.886053
0.886062
0.886071
0.886081
0.88609
0.8861
0.886109
0.886118
0.886128
0.886137
0.886146
0.886156
0.886165
0.886174
0.886183
0.886193
0.886202
0.886211
0.886221
0.88623
0.886239
0.886248
0.886258
0.886267
0.886276
0.886285
0.886295
0.886304
0.886313
0.886322
0.886331
0.886341
0.88635
0.886359
0.886368
0.886377
0.886386
0.886396
0.886405
0.886414
0.886423
0.886432
0.886441
0.88645
0.886459
0.886469
0.886478
0.886487
0.886496
0.886505
0.886514
0.886523
0.886532
0.886541
0.88655
0.886559
0.886568
0.886577
0.886586
0.886596
0.886605
0.886614
0.886623
0.886632
0.886641
0.88665
0.886659
0.886668
0.886676
0.886685
0.886694
0.886703
0.886712
0.886721
0.88673
0.886739
0.886748
0.886757
0.886766
0.886775
0.886784
0.886793
0.886801
0.88681
0.886819
0.886828
0.886837
0.886846
0.886855
0.886864
0.886872
0.886881
0.88689
0.886899
0.886908
0.886917
0.886925
0.886934
0.886943
0.886952
0.886961
0.886969
0.886978
0.886987
0.886996
0.887004
0.887013
0.887022
0.887031
0.887039
0.887048
0.887057
0.887066
0.887074
0.887083
0.887092
0.8871
0.887109
0.887118
0.887126
0.887135
0.887144
0.887152
0.887161
0.88717
0.887178
0.887187
0.887196
0.887204
0.887213
0.887222
0.88723
0.887239
0.887247
0.887256
0.887265
0.887273
0.887282
0.88729
0.887299
0.887307
0.887316
0.887324
0.887333
0.887342
0.88735
0.887359
0.887367
0.887376
0.887384
0.887393
0.887401
0.88741
0.887418
0.887427
0.887435
0.887444
0.887452
0.88746
0.887469
0.887477
0.887486
0.887494
0.887503
0.887511
0.88752
0.887528
0.887536
0.887545
0.887553
0.887562
0.88757
0.887578
0.887587
0.887595
0.887603
0.887612
0.88762
0.887629
0.887637
0.887645
0.887654
0.887662
0.88767
0.887679
0.887687
0.887695
0.887703
0.887712
0.88772
0.887728
0.887737
0.887745
0.887753
0.887761
0.88777
0.887778
0.887786
0.887794
0.887803
0.887811
0.887819
0.887827
0.887836
0.887844
0.887852
0.88786
0.887868
0.887877
0.887885
0.887893
0.887901
0.887909
0.887917
0.887926
0.887934
0.887942
0.88795
0.887958
0.887966
0.887974
0.887982
0.887991
0.887999
0.888007
0.888015
0.888023
0.888031
0.888039
0.888047
0.888055
0.888063
0.888071
0.888079
0.888087
0.888096
0.888104
0.888112
0.88812
0.888128
0.888136
0.888144
0.888152
0.88816
0.888168
0.888176
0.888184
0.888192
0.8882
0.888208
0.888216
0.888224
0.888231
0.888239
0.888247
0.888255
0.888263
0.888271
0.888279
0.888287
0.888295
0.888303
0.888311
0.888319
0.888327
0.888334
0.888342
0.88835
0.888358
0.888366
0.888374
0.888382
0.888389
0.888397
0.888405
0.888413
0.888421
0.888429
0.888436
0.888444
0.888452
0.88846
0.888468
0.888475
0.888483
0.888491
0.888499
0.888507
0.888514
0.888522
0.88853
0.888538
0.888545
0.888553
0.888561
0.888569
0.888576
0.888584
0.888592
0.888599
0.888607
0.888615
0.888623
0.88863
0.888638
0.888646
0.888653
0.888661
0.888669
0.888676
0.888684
0.888692
0.888699
0.888707
0.888715
0.888722
0.88873
0.888737
0.888745
0.888753
0.88876
0.888768
0.888775
0.888783
0.888791
0.888798
0.888806
0.888813
0.888821
0.888829
0.888836
0.888844
0.888851
0.888859
0.888866
0.888874
0.888881
0.888889
0.888896
0.888904
0.888911
0.888919
0.888926
0.888934
0.888941
0.888949
0.888956
0.888964
0.888971
0.888979
0.888986
0.888994
0.889001
0.889009
0.889016
0.889023
0.889031
0.889038
0.889046
0.889053
0.88906
0.889068
0.889075
0.889083
0.88909
0.889097
0.889105
0.889112
0.88912
0.889127
0.889134
0.889142
0.889149
0.889156
0.889164
0.889171
0.889178
0.889186
0.889193
0.8892
0.889208
0.889215
0.889222
0.88923
0.889237
0.889244
0.889251
0.889259
0.889266
0.889273
0.88928
0.889288
0.889295
0.889302
0.889309
0.889317
0.889324
0.889331
0.889338
0.889346
0.889353
0.88936
0.889367
0.889374
0.889382
0.889389
0.889396
0.889403
0.88941
0.889418
0.889425
0.889432
0.889439
0.889446
0.889453
0.889461
0.889468
0.889475
0.889482
0.889489
0.889496
0.889503
0.88951
0.889518
0.889525
0.889532
0.889539
0.889546
0.889553
0.88956
0.889567
0.889574
0.889581
0.889588
0.889595
0.889602
0.889609
0.889617
0.889624
0.889631
0.889638
0.889645
0.889652
0.889659
0.889666
0.889673
0.88968
0.889687
0.889694
0.889701
0.889708
0.889715
0.889722
0.889729
0.889736
0.889743
0.889749
0.889756
0.889763
0.88977
0.889777
0.889784
0.889791
0.889798
0.889805
0.889812
0.889819
0.889826
0.889833
0.889839
0.889846
0.889853
0.88986
0.889867
0.889874
0.889881
0.889888
0.889894
0.889901
0.889908
0.889915
0.889922
0.889929
0.889936
0.889942
0.889949
0.889956
0.889963
0.88997
0.889976
0.889983
0.88999
0.889997
0.890004
0.89001
0.890017
0.890024
0.890031
0.890037
0.890044
0.890051
0.890058
0.890064
0.890071
0.890078
0.890085
0.890091
0.890098
0.890105
0.890112
0.890118
0.890125
0.890132
0.890138
0.890145
0.890152
0.890158
0.890165
0.890172
0.890178
0.890185
0.890192
0.890198
0.890205
0.890212
0.890218
0.890225
0.890232
0.890238
0.890245
0.890252
0.890258
0.890265
0.890271
0.890278
0.890285
0.890291
0.890298
0.890304
0.890311
0.890318
0.890324
0.890331
0.890337
0.890344
0.89035
0.890357
0.890363
0.89037
0.890377
0.890383
0.89039
0.890396
0.890403
0.890409
0.890416
0.890422
0.890429
0.890435
0.890442
0.890448
0.890455
0.890461
0.890468
0.890474
0.890481
0.890487
0.890494
0.8905
0.890506
0.890513
0.890519
0.890526
0.890532
0.890539
0.890545
0.890552
0.890558
0.890564
0.890571
0.890577
0.890584
0.89059
0.890596
0.890603
0.890609
0.890616
0.890622
0.890628
0.890635
0.890641
0.890647
0.890654
0.89066
0.890666
0.890673
0.890679
0.890685
0.890692
0.890698
0.890704
0.890711
0.890717
0.890723
0.89073
0.890736
0.890742
0.890749
0.890755
0.890761
0.890767
0.890774
0.89078
0.890786
0.890793
0.890799
0.890805
0.890811
0.890818
0.890824
0.89083
0.890836
0.890842
0.890849
0.890855
0.890861
0.890867
0.890874
0.89088
0.890886
0.890892
0.890898
0.890905
0.890911
0.890917
0.890923
0.890929
0.890935
0.890942
0.890948
0.890954
0.89096
0.890966
0.890972
0.890979
0.890985
0.890991
0.890997
0.891003
0.891009
0.891015
0.891021
0.891028
0.891034
0.89104
0.891046
0.891052
0.891058
0.891064
0.89107
0.891076
0.891082
0.891088
0.891094
0.891101
0.891107
0.891113
0.891119
0.891125
0.891131
0.891137
0.891143
0.891149
0.891155
0.891161
0.891167
0.891173
0.891179
0.891185
0.891191
0.891197
0.891203
0.891209
0.891215
0.891221
0.891227
0.891233
0.891239
0.891245
0.891251
0.891257
0.891263
0.891269
0.891275
0.89128
0.891286
0.891292
0.891298
0.891304
0.89131
0.891316
0.891322
0.891328
0.891334
0.89134
0.891346
0.891351
0.891357
0.891363
0.891369
0.891375
0.891381
0.891387
0.891393
0.891398
0.891404
0.89141
0.891416
0.891422
0.891428
0.891434
0.891439
0.891445
0.891451
0.891457
0.891463
0.891469
0.891474
0.89148
0.891486
0.891492
0.891498
0.891503
0.891509
0.891515
0.891521
0.891526
0.891532
0.891538
0.891544
0.89155
0.891555
0.891561
0.891567
0.891573
0.891578
0.891584
0.89159
0.891596
0.891601
0.891607
0.891613
0.891618
0.891624
0.89163
0.891636
0.891641
0.891647
0.891653
0.891658
0.891664
0.89167
0.891675
0.891681
0.891687
0.891692
0.891698
0.891704
0.891709
0.891715
0.891721
0.891726
0.891732
0.891738
0.891743
0.891749
0.891754
0.89176
0.891766
0.891771
0.891777
0.891783
0.891788
0.891794
0.891799
0.891805
0.891811
0.891816
0.891822
0.891827
0.891833
0.891838
0.891844
0.89185
0.891855
0.891861
0.891866
0.891872
0.891877
0.891883
0.891888
0.891894
0.891899
0.891905
0.89191
0.891916
0.891922
0.891927
0.891933
0.891938
0.891944
0.891949
0.891955
0.89196
0.891966
0.891971
0.891976
0.891982
0.891987
0.891993
0.891998
0.892004
0.892009
0.892015
0.89202
0.892026
0.892031
0.892036
0.892042
0.892047
0.892053
0.892058
0.892064
0.892069
0.892074
0.89208
0.892085
0.892091
0.892096
0.892101
0.892107
0.892112
0.892118
0.892123
0.892128
0.892134
0.892139
0.892144
0.89215
0.892155
0.892161
0.892166
0.892171
0.892177
0.892182
0.892187
0.892193
0.892198
0.892203
0.892209
0.892214
0.892219
0.892225
0.89223
0.892235
0.89224
0.892246
0.892251
0.892256
0.892262
0.892267
0.892272
0.892278
0.892283
0.892288
0.892293
0.892299
0.892304
0.892309
0.892314
0.89232
0.892325
0.89233
0.892335
0.892341
0.892346
0.892351
0.892356
0.892361
0.892367
0.892372
0.892377
0.892382
0.892388
0.892393
0.892398
0.892403
0.892408
0.892414
0.892419
0.892424
0.892429
0.892434
0.892439
0.892445
0.89245
0.892455
0.89246
0.892465
0.89247
0.892475
0.892481
0.892486
0.892491
0.892496
0.892501
0.892506
0.892511
0.892517
0.892522
0.892527
0.892532
0.892537
0.892542
0.892547
0.892552
0.892557
0.892562
0.892568
0.892573
0.892578
0.892583
0.892588
0.892593
0.892598
0.892603
0.892608
0.892613
0.892618
0.892623
0.892628
0.892633
0.892638
0.892643
0.892648
0.892653
0.892658
0.892663
0.892669
0.892674
0.892679
0.892684
0.892689
0.892694
0.892699
0.892704
0.892709
0.892714
0.892718
0.892723
0.892728
0.892733
0.892738
0.892743
0.892748
0.892753
0.892758
0.892763
0.892768
0.892773
0.892778
0.892783
0.892788
0.892793
0.892798
0.892803
0.892808
0.892813
0.892817
0.892822
0.892827
0.892832
0.892837
0.892842
0.892847
0.892852
0.892857
0.892862
0.892866
0.892871
0.892876
0.892881
0.892886
0.892891
0.892896
0.892901
0.892905
0.89291
0.892915
0.89292
0.892925
0.89293
0.892935
0.892939
0.892944
0.892949
0.892954
0.892959
0.892963
0.892968
0.892973
0.892978
0.892983
0.892988
0.892992
0.892997
0.893002
0.893007
0.893012
0.893016
0.893021
0.893026
0.893031
0.893035
0.89304
0.893045
0.89305
0.893054
0.893059
0.893064
0.893069
0.893073
0.893078
0.893083
0.893088
0.893092
0.893097
0.893102
0.893107
0.893111
0.893116
0.893121
0.893125
0.89313
0.893135
0.89314
0.893144
0.893149
0.893154
0.893158
0.893163
0.893168
0.893172
0.893177
0.893182
0.893186
0.893191
0.893196
0.8932
0.893205
0.89321
0.893214
0.893219
0.893224
0.893228
0.893233
0.893238
0.893242
0.893247
0.893251
0.893256
0.893261
0.893265
0.89327
0.893275
0.893279
0.893284
0.893288
0.893293
0.893298
0.893302
0.893307
0.893311
0.893316
0.893321
0.893325
0.89333
0.893334
0.893339
0.893343
0.893348
0.893353
0.893357
0.893362
0.893366
0.893371
0.893375
0.89338
0.893384
0.893389
0.893393
0.893398
0.893402
0.893407
0.893412
0.893416
0.893421
0.893425
0.89343
0.893434
0.893439
0.893443
0.893448
0.893452
0.893457
0.893461
0.893466
0.89347
0.893474
0.893479
0.893483
0.893488
0.893492
0.893497
0.893501
0.893506
0.89351
0.893515
0.893519
0.893524
0.893528
0.893532
0.893537
0.893541
0.893546
0.89355
0.893555
0.893559
0.893563
0.893568
0.893572
0.893577
0.893581
0.893585
0.89359
0.893594
0.893599
0.893603
0.893607
0.893612
0.893616
0.893621
0.893625
0.893629
0.893634
0.893638
0.893642
0.893647
0.893651
0.893656
0.89366
0.893664
0.893669
0.893673
0.893677
0.893682
0.893686
0.89369
0.893695
0.893699
0.893703
0.893708
0.893712
0.893716
0.893721
0.893725
0.893729
0.893733
0.893738
0.893742
0.893746
0.893751
0.893755
0.893759
0.893764
0.893768
0.893772
0.893776
0.893781
0.893785
0.893789
0.893793
0.893798
0.893802
0.893806
0.89381
0.893815
0.893819
0.893823
0.893827
0.893832
0.893836
0.89384
0.893844
0.893849
0.893853
0.893857
0.893861
0.893865
0.89387
0.893874
0.893878
0.893882
0.893887
0.893891
0.893895
0.893899
0.893903
0.893907
0.893912
0.893916
0.89392
0.893924
0.893928
0.893933
0.893937
0.893941
0.893945
0.893949
0.893953
0.893958
0.893962
0.893966
0.89397
0.893974
0.893978
0.893982
0.893987
0.893991
0.893995
0.893999
0.894003
0.894007
0.894011
0.894015
0.894019
0.894024
0.894028
0.894032
0.894036
0.89404
0.894044
0.894048
0.894052
0.894056
0.89406
0.894065
0.894069
0.894073
0.894077
0.894081
0.894085
0.894089
0.894093
0.894097
0.894101
0.894105
0.894109
0.894113
0.894117
0.894121
0.894125
0.894129
0.894134
0.894138
0.894142
0.894146
0.89415
0.894154
0.894158
0.894162
0.894166
0.89417
0.894174
0.894178
0.894182
0.894186
0.89419
0.894194
0.894198
0.894202
0.894206
0.89421
0.894214
0.894218
0.894222
0.894226
0.89423
0.894234
0.894238
0.894241
0.894245
0.894249
0.894253
0.894257
0.894261
0.894265
0.894269
0.894273
0.894277
0.894281
0.894285
0.894289
0.894293
0.894297
0.894301
0.894305
0.894308
0.894312
0.894316
0.89432
0.894324
0.894328
0.894332
0.894336
0.89434
0.894344
0.894347
0.894351
0.894355
0.894359
0.894363
0.894367
0.894371
0.894375
0.894379
0.894382
0.894386
0.89439
0.894394
0.894398
0.894402
0.894406
0.894409
0.894413
0.894417
0.894421
0.894425
0.894429
0.894432
0.894436
0.89444
0.894444
0.894448
0.894452
0.894455
0.894459
0.894463
0.894467
0.894471
0.894474
0.894478
0.894482
0.894486
0.89449
0.894493
0.894497
0.894501
0.894505
0.894509
0.894512
0.894516
0.89452
0.894524
0.894527
0.894531
0.894535
0.894539
0.894543
0.894546
0.89455
0.894554
0.894558
0.894561
0.894565
0.894569
0.894573
0.894576
0.89458
0.894584
0.894587
0.894591
0.894595
0.894599
0.894602
0.894606
0.89461
0.894614
0.894617
0.894621
0.894625
0.894628
0.894632
0.894636
0.894639
0.894643
0.894647
0.894651
0.894654
0.894658
0.894662
0.894665
0.894669
0.894673
0.894676
0.89468
0.894684
0.894687
0.894691
0.894695
0.894698
0.894702
0.894706
0.894709
0.894713
0.894716
0.89472
0.894724
0.894727
0.894731
0.894735
0.894738
0.894742
0.894746
0.894749
0.894753
0.894756
0.89476
0.894764
0.894767
0.894771
0.894774
0.894778
0.894782
0.894785
0.894789
0.894792
0.894796
0.8948
0.894803
0.894807
0.89481
0.894814
0.894818
0.894821
0.894825
0.894828
0.894832
0.894835
0.894839
0.894842
0.894846
0.89485
0.894853
0.894857
0.89486
0.894864
0.894867
0.894871
0.894874
0.894878
0.894881
0.894885
0.894889
0.894892
0.894896
0.894899
0.894903
0.894906
0.89491
0.894913
0.894917
0.89492
0.894924
0.894927
0.894931
0.894934
0.894938
0.894941
0.894945
0.894948
0.894952
0.894955
0.894959
0.894962
0.894966
0.894969
0.894972
0.894976
0.894979
0.894983
0.894986
0.89499
0.894993
0.894997
0.895
0.895004
0.895007
0.89501
0.895014
0.895017
0.895021
0.895024
0.895028
0.895031
0.895035
0.895038
0.895041
0.895045
0.895048
0.895052
0.895055
0.895058
0.895062
0.895065
0.895069
0.895072
0.895076
0.895079
0.895082
0.895086
0.895089
0.895092
0.895096
0.895099
0.895103
0.895106
0.895109
0.895113
0.895116
0.89512
0.895123
0.895126
0.89513
0.895133
0.895136
0.89514
0.895143
0.895146
0.89515
0.895153
0.895156
0.89516
0.895163
0.895166
0.89517
0.895173
0.895176
0.89518
0.895183
0.895186
0.89519
0.895193
0.895196
0.8952
0.895203
0.895206
0.89521
0.895213
0.895216
0.89522
0.895223
0.895226
0.89523
0.895233
0.895236
0.895239
0.895243
0.895246
0.895249
0.895253
0.895256
0.895259
0.895262
0.895266
0.895269
0.895272
0.895275
0.895279
0.895282
0.895285
0.895288
0.895292
0.895295
0.895298
0.895301
0.895305
0.895308
0.895311
0.895314
0.895318
0.895321
0.895324
0.895327
0.895331
0.895334
0.895337
0.89534
0.895344
0.895347
0.89535
0.895353
0.895356
0.89536
0.895363
0.895366
0.895369
0.895372
0.895376
0.895379
0.895382
0.895385
0.895388
0.895392
0.895395
0.895398
0.895401
0.895404
0.895407
0.895411
0.895414
0.895417
0.89542
0.895423
0.895426
0.89543
0.895433
0.895436
0.895439
0.895442
0.895445
0.895449
0.895452
0.895455
0.895458
0.895461
0.895464
0.895467
0.895471
0.895474
0.895477
0.89548
0.895483
0.895486
0.895489
0.895492
0.895496
0.895499
0.895502
0.895505
0.895508
0.895511
0.895514
0.895517
0.89552
0.895524
0.895527
0.89553
0.895533
0.895536
0.895539
0.895542
0.895545
0.895548
0.895551
0.895554
0.895557
0.895561
0.895564
0.895567
0.89557
0.895573
0.895576
0.895579
0.895582
0.895585
0.895588
0.895591
0.895594
0.895597
0.8956
0.895603
0.895606
0.895609
0.895612
0.895615
0.895619
0.895622
0.895625
0.895628
0.895631
0.895634
0.895637
0.89564
0.895643
0.895646
0.895649
0.895652
0.895655
0.895658
0.895661
0.895664
0.895667
0.89567
0.895673
0.895676
0.895679
0.895682
0.895685
0.895688
0.895691
0.895694
0.895697
0.8957
0.895703
0.895706
0.895709
0.895712
0.895715
0.895718
0.89572
0.895723
0.895726
0.895729
0.895732
0.895735
0.895738
0.895741
0.895744
0.895747
0.89575
0.895753
0.895756
0.895759
0.895762
0.895765
0.895768
0.895771
0.895773
0.895776
0.895779
0.895782
0.895785
0.895788
0.895791
0.895794
0.895797
0.8958
0.895803
0.895806
0.895808
0.895811
0.895814
0.895817
0.89582
0.895823
0.895826
0.895829
0.895832
0.895835
0.895837
0.89584
0.895843
0.895846
0.895849
0.895852
0.895855
0.895858
0.89586
0.895863
0.895866
0.895869
0.895872
0.895875
0.895878
0.89588
0.895883
0.895886
0.895889
0.895892
0.895895
0.895898
0.8959
0.895903
0.895906
0.895909
0.895912
0.895915
0.895917
0.89592
0.895923
0.895926
0.895929
0.895932
0.895934
0.895937
0.89594
0.895943
0.895946
0.895948
0.895951
0.895954
0.895957
0.89596
0.895962
0.895965
0.895968
0.895971
0.895974
0.895976
0.895979
0.895982
0.895985
0.895988
0.89599
0.895993
0.895996
0.895999
0.896001
0.896004
0.896007
0.89601
0.896013
0.896015
0.896018
0.896021
0.896024
0.896026
0.896029
0.896032
0.896035
0.896037
0.89604
0.896043
0.896046
0.896048
0.896051
0.896054
0.896057
0.896059
0.896062
0.896065
0.896068
0.89607
0.896073
0.896076
0.896078
0.896081
0.896084
0.896087
0.896089
0.896092
0.896095
0.896097
0.8961
0.896103
0.896106
0.896108
0.896111
0.896114
0.896116
0.896119
0.896122
0.896124
0.896127
0.89613
0.896132
0.896135
0.896138
0.896141
0.896143
0.896146
0.896149
0.896151
0.896154
0.896157
0.896159
0.896162
0.896165
0.896167
0.89617
0.896173
0.896175
0.896178
0.89618
0.896183
0.896186
0.896188
0.896191
0.896194
0.896196
0.896199
0.896202
0.896204
0.896207
0.89621
0.896212
0.896215
0.896217
0.89622
0.896223
0.896225
0.896228
0.896231
0.896233
0.896236
0.896238
0.896241
0.896244
0.896246
0.896249
0.896251
0.896254
0.896257
0.896259
0.896262
0.896264
0.896267
0.89627
0.896272
0.896275
0.896277
0.89628
0.896283
0.896285
0.896288
0.89629
0.896293
0.896295
0.896298
0.896301
0.896303
0.896306
0.896308
0.896311
0.896313
0.896316
0.896319
0.896321
0.896324
0.896326
0.896329
0.896331
0.896334
0.896336
0.896339
0.896341
0.896344
0.896347
0.896349
0.896352
0.896354
0.896357
0.896359
0.896362
0.896364
0.896367
0.896369
0.896372
0.896374
0.896377
0.896379
0.896382
0.896384
0.896387
0.896389
0.896392
0.896394
0.896397
0.896399
0.896402
0.896404
0.896407
0.896409
0.896412
0.896414
0.896417
0.896419
0.896422
0.896424
0.896427
0.896429
0.896432
0.896434
0.896437
0.896439
0.896442
0.896444
0.896447
0.896449
0.896452
0.896454
0.896457
0.896459
0.896462
0.896464
0.896466
0.896469
0.896471
0.896474
0.896476
0.896479
0.896481
0.896484
0.896486
0.896488
0.896491
0.896493
0.896496
0.896498
0.896501
0.896503
0.896506
0.896508
0.89651
0.896513
0.896515
0.896518
0.89652
0.896523
0.896525
0.896527
0.89653
0.896532
0.896535
0.896537
0.896539
0.896542
0.896544
0.896547
0.896549
0.896551
0.896554
0.896556
0.896559
0.896561
0.896563
0.896566
0.896568
0.896571
0.896573
0.896575
0.896578
0.89658
0.896582
0.896585
0.896587
0.89659
0.896592
0.896594
0.896597
0.896599
0.896601
0.896604
0.896606
0.896609
0.896611
0.896613
0.896616
0.896618
0.89662
0.896623
0.896625
0.896627
0.89663
0.896632
0.896634
0.896637
0.896639
0.896641
0.896644
0.896646
0.896648
0.896651
0.896653
0.896655
0.896658
0.89666
0.896662
0.896665
0.896667
0.896669
0.896672
0.896674
0.896676
0.896679
0.896681
0.896683
0.896686
0.896688
0.89669
0.896692
0.896695
0.896697
0.896699
0.896702
0.896704
0.896706
0.896709
0.896711
0.896713
0.896715
0.896718
0.89672
0.896722
0.896725
0.896727
0.896729
0.896731
0.896734
0.896736
0.896738
0.89674
0.896743
0.896745
0.896747
0.89675
0.896752
0.896754
0.896756
0.896759
0.896761
0.896763
0.896765
0.896768
0.89677
0.896772
0.896774
0.896777
0.896779
0.896781
0.896783
0.896786
0.896788
0.89679
0.896792
0.896795
0.896797
0.896799
0.896801
0.896803
0.896806
0.896808
0.89681
0.896812
0.896815
0.896817
0.896819
0.896821
0.896823
0.896826
0.896828
0.89683
0.896832
0.896834
0.896837
0.896839
0.896841
0.896843
0.896845
0.896848
0.89685
0.896852
0.896854
0.896856
0.896859
0.896861
0.896863
0.896865
0.896867
0.89687
0.896872
0.896874
0.896876
0.896878
0.89688
0.896883
0.896885
0.896887
0.896889
0.896891
0.896893
0.896896
0.896898
0.8969
0.896902
0.896904
0.896906
0.896909
0.896911
0.896913
0.896915
0.896917
0.896919
0.896922
0.896924
0.896926
0.896928
0.89693
0.896932
0.896934
0.896937
0.896939
0.896941
0.896943
0.896945
0.896947
0.896949
0.896951
0.896954
0.896956
0.896958
0.89696
0.896962
0.896964
0.896966
0.896968
0.896971
0.896973
0.896975
0.896977
0.896979
0.896981
0.896983
0.896985
0.896987
0.896989
0.896992
0.896994
0.896996
0.896998
0.897
0.897002
0.897004
0.897006
0.897008
0.89701
0.897012
0.897015
0.897017
0.897019
0.897021
0.897023
0.897025
0.897027
0.897029
0.897031
0.897033
0.897035
0.897037
0.897039
0.897042
0.897044
0.897046
0.897048
0.89705
0.897052
0.897054
0.897056
0.897058
0.89706
0.897062
0.897064
0.897066
0.897068
0.89707
0.897072
0.897074
0.897076
0.897078
0.89708
0.897083
0.897085
0.897087
0.897089
0.897091
0.897093
0.897095
0.897097
0.897099
0.897101
0.897103
0.897105
0.897107
0.897109
0.897111
0.897113
0.897115
0.897117
0.897119
0.897121
0.897123
0.897125
0.897127
0.897129
0.897131
0.897133
0.897135
0.897137
0.897139
0.897141
0.897143
0.897145
0.897147
0.897149
0.897151
0.897153
0.897155
0.897157
0.897159
0.897161
0.897163
0.897165
0.897167
0.897169
0.897171
0.897173
0.897175
0.897177
0.897179
0.897181
0.897183
0.897185
0.897187
0.897189
0.89719
0.897192
0.897194
0.897196
0.897198
0.8972
0.897202
0.897204
0.897206
0.897208
0.89721
0.897212
0.897214
0.897216
0.897218
0.89722
0.897222
0.897224
0.897226
0.897228
0.897229
0.897231
0.897233
0.897235
0.897237
0.897239
0.897241
0.897243
0.897245
0.897247
0.897249
0.897251
0.897253
0.897255
0.897256
0.897258
0.89726
0.897262
0.897264
0.897266
0.897268
0.89727
0.897272
0.897274
0.897276
0.897277
0.897279
0.897281
0.897283
0.897285
0.897287
0.897289
0.897291
0.897293
0.897295
0.897296
0.897298
0.8973
0.897302
0.897304
0.897306
0.897308
0.89731
0.897312
0.897313
0.897315
0.897317
0.897319
0.897321
0.897323
0.897325
0.897327
0.897328
0.89733
0.897332
0.897334
0.897336
0.897338
0.89734
0.897341
0.897343
0.897345
0.897347
0.897349
0.897351
0.897353
0.897354
0.897356
0.897358
0.89736
0.897362
0.897364
0.897365
0.897367
0.897369
0.897371
0.897373
0.897375
0.897377
0.897378
0.89738
0.897382
0.897384
0.897386
0.897387
0.897389
0.897391
0.897393
0.897395
0.897397
0.897398
0.8974
0.897402
0.897404
0.897406
0.897408
0.897409
0.897411
0.897413
0.897415
0.897417
0.897418
0.89742
0.897422
0.897424
0.897426
0.897427
0.897429
0.897431
0.897433
0.897435
0.897436
0.897438
0.89744
0.897442
0.897444
0.897445
0.897447
0.897449
0.897451
0.897452
0.897454
0.897456
0.897458
0.89746
0.897461
0.897463
0.897465
0.897467
0.897468
0.89747
0.897472
0.897474
0.897476
0.897477
0.897479
0.897481
0.897483
0.897484
0.897486
0.897488
0.89749
0.897491
0.897493
0.897495
0.897497
0.897498
0.8975
0.897502
0.897504
0.897505
0.897507
0.897509
0.897511
0.897512
0.897514
0.897516
0.897518
0.897519
0.897521
0.897523
0.897525
0.897526
0.897528
0.89753
0.897531
0.897533
0.897535
0.897537
0.897538
0.89754
0.897542
0.897544
0.897545
0.897547
0.897549
0.89755
0.897552
0.897554
0.897556
0.897557
0.897559
0.897561
0.897562
0.897564
0.897566
0.897568
0.897569
0.897571
0.897573
0.897574
0.897576
0.897578
0.897579
0.897581
0.897583
0.897585
0.897586
0.897588
0.89759
0.897591
0.897593
0.897595
0.897596
0.897598
0.8976
0.897601
0.897603
0.897605
0.897606
0.897608
0.89761
0.897611
0.897613
0.897615
0.897616
0.897618
0.89762
0.897621
0.897623
0.897625
0.897626
0.897628
0.89763
0.897631
0.897633
0.897635
0.897636
0.897638
0.89764
0.897641
0.897643
0.897645
0.897646
0.897648
0.89765
0.897651
0.897653
0.897655
0.897656
0.897658
0.897659
0.897661
0.897663
0.897664
0.897666
0.897668
0.897669
0.897671
0.897673
0.897674
0.897676
0.897677
0.897679
0.897681
0.897682
0.897684
0.897686
0.897687
0.897689
0.89769
0.897692
0.897694
0.897695
0.897697
0.897699
0.8977
0.897702
0.897703
0.897705
0.897707
0.897708
0.89771
0.897711
0.897713
0.897715
0.897716
0.897718
0.897719
0.897721
0.897723
0.897724
0.897726
0.897727
0.897729
0.897731
0.897732
0.897734
0.897735
0.897737
0.897739
0.89774
0.897742
0.897743
0.897745
0.897746
0.897748
0.89775
0.897751
0.897753
0.897754
0.897756
0.897758
0.897759
0.897761
0.897762
0.897764
0.897765
0.897767
0.897768
0.89777
0.897772
0.897773
0.897775
0.897776
0.897778
0.897779
0.897781
0.897783
0.897784
0.897786
0.897787
0.897789
0.89779
0.897792
0.897793
0.897795
0.897796
0.897798
0.8978
0.897801
0.897803
0.897804
0.897806
0.897807
0.897809
0.89781
0.897812
0.897813
0.897815
0.897817
0.897818
0.89782
0.897821
0.897823
0.897824
0.897826
0.897827
0.897829
0.89783
0.897832
0.897833
0.897835
0.897836
0.897838
0.897839
0.897841
0.897842
0.897844
0.897845
0.897847
0.897848
0.89785
0.897851
0.897853
0.897854
0.897856
0.897858
0.897859
0.897861
0.897862
0.897864
0.897865
0.897867
0.897868
0.89787
0.897871
0.897872
0.897874
0.897875
0.897877
0.897878
0.89788
0.897881
0.897883
0.897884
0.897886
0.897887
0.897889
0.89789
0.897892
0.897893
0.897895
0.897896
0.897898
0.897899
0.897901
0.897902
0.897904
0.897905
0.897907
0.897908
0.89791
0.897911
0.897912
0.897914
0.897915
0.897917
0.897918
0.89792
0.897921
0.897923
0.897924
0.897926
0.897927
0.897929
0.89793
0.897931
0.897933
0.897934
0.897936
0.897937
0.897939
0.89794
0.897942
0.897943
0.897944
0.897946
0.897947
0.897949
0.89795
0.897952
0.897953
0.897955
0.897956
0.897957
0.897959
0.89796
0.897962
0.897963
0.897965
0.897966
0.897967
0.897969
0.89797
0.897972
0.897973
0.897975
0.897976
0.897977
0.897979
0.89798
0.897982
0.897983
0.897985
0.897986
0.897987
0.897989
0.89799
0.897992
0.897993
0.897994
0.897996
0.897997
0.897999
0.898
0.898001
0.898003
0.898004
0.898006
0.898007
0.898008
0.89801
0.898011
0.898013
0.898014
0.898015
0.898017
0.898018
0.89802
0.898021
0.898022
0.898024
0.898025
0.898027
0.898028
0.898029
0.898031
0.898032
0.898034
0.898035
0.898036
0.898038
0.898039
0.89804
0.898042
0.898043
0.898045
0.898046
0.898047
0.898049
0.89805
0.898051
0.898053
0.898054
0.898056
0.898057
0.898058
0.89806
0.898061
0.898062
0.898064
0.898065
0.898066
0.898068
0.898069
0.898071
0.898072
0.898073
0.898075
0.898076
0.898077
0.898079
0.89808
0.898081
0.898083
0.898084
0.898085
0.898087
0.898088
0.898089
0.898091
0.898092
0.898093
0.898095
0.898096
0.898097
0.898099
0.8981
0.898101
0.898103
0.898104
0.898105
0.898107
0.898108
0.898109
0.898111
0.898112
0.898113
0.898115
0.898116
0.898117
0.898119
0.89812
0.898121
0.898123
0.898124
0.898125
0.898127
0.898128
0.898129
0.898131
0.898132
0.898133
0.898135
0.898136
0.898137
0.898139
0.89814
0.898141
0.898142
0.898144
0.898145
0.898146
0.898148
0.898149
0.89815
0.898152
0.898153
0.898154
0.898155
0.898157
0.898158
0.898159
0.898161
0.898162
0.898163
0.898165
0.898166
0.898167
0.898168
0.89817
0.898171
0.898172
0.898174
0.898175
0.898176
0.898177
0.898179
0.89818
0.898181
0.898183
0.898184
0.898185
0.898186
0.898188
0.898189
0.89819
0.898192
0.898193
0.898194
0.898195
0.898197
0.898198
0.898199
0.8982
0.898202
0.898203
0.898204
0.898205
0.898207
0.898208
0.898209
0.898211
0.898212
0.898213
0.898214
0.898216
0.898217
0.898218
0.898219
0.898221
0.898222
0.898223
0.898224
0.898226
0.898227
0.898228
0.898229
0.898231
0.898232
0.898233
0.898234
0.898236
0.898237
0.898238
0.898239
0.898241
0.898242
0.898243
0.898244
0.898245
0.898247
0.898248
0.898249
0.89825
0.898252
0.898253
0.898254
0.898255
0.898257
0.898258
0.898259
0.89826
0.898261
0.898263
0.898264
0.898265
0.898266
0.898268
0.898269
0.89827
0.898271
0.898272
0.898274
0.898275
0.898276
0.898277
0.898279
0.89828
0.898281
0.898282
0.898283
0.898285
0.898286
0.898287
0.898288
0.898289
0.898291
0.898292
0.898293
0.898294
0.898295
0.898297
0.898298
0.898299
0.8983
0.898301
0.898303
0.898304
0.898305
0.898306
0.898307
0.898309
0.89831
0.898311
0.898312
0.898313
0.898315
0.898316
0.898317
0.898318
0.898319
0.89832
0.898322
0.898323
0.898324
0.898325
0.898326
0.898328
0.898329
0.89833
0.898331
0.898332
0.898333
0.898335
0.898336
0.898337
0.898338
0.898339
0.898341
0.898342
0.898343
0.898344
0.898345
0.898346
0.898348
0.898349
0.89835
0.898351
0.898352
0.898353
0.898355
0.898356
0.898357
0.898358
0.898359
0.89836
0.898361
0.898363
0.898364
0.898365
0.898366
0.898367
0.898368
0.89837
0.898371
0.898372
0.898373
0.898374
0.898375
0.898376
0.898378
0.898379
0.89838
0.898381
0.898382
0.898383
0.898384
0.898386
0.898387
0.898388
0.898389
0.89839
0.898391
0.898392
0.898394
0.898395
0.898396
0.898397
0.898398
0.898399
0.8984
0.898401
0.898403
0.898404
0.898405
0.898406
0.898407
0.898408
0.898409
0.89841
0.898412
0.898413
0.898414
0.898415
0.898416
0.898417
0.898418
0.898419
0.89842
0.898422
0.898423
0.898424
0.898425
0.898426
0.898427
0.898428
0.898429
0.898431
0.898432
0.898433
0.898434
0.898435
0.898436
0.898437
0.898438
0.898439
0.89844
0.898442
0.898443
0.898444
0.898445
0.898446
0.898447
0.898448
0.898449
0.89845
0.898451
0.898453
0.898454
0.898455
0.898456
0.898457
0.898458
0.898459
0.89846
0.898461
0.898462
0.898463
0.898464
0.898466
0.898467
0.898468
0.898469
0.89847
0.898471
0.898472
0.898473
0.898474
0.898475
0.898476
0.898477
0.898479
0.89848
0.898481
0.898482
0.898483
0.898484
0.898485
0.898486
0.898487
0.898488
0.898489
0.89849
0.898491
0.898492
0.898493
0.898495
0.898496
0.898497
0.898498
0.898499
0.8985
0.898501
0.898502
0.898503
0.898504
0.898505
0.898506
0.898507
0.898508
0.898509
0.89851
0.898511
0.898513
0.898514
0.898515
0.898516
0.898517
0.898518
0.898519
0.89852
0.898521
0.898522
0.898523
0.898524
0.898525
0.898526
0.898527
0.898528
0.898529
0.89853
0.898531
0.898532
0.898533
0.898534
0.898535
0.898537
0.898538
0.898539
0.89854
0.898541
0.898542
0.898543
0.898544
0.898545
0.898546
0.898547
0.898548
0.898549
0.89855
0.898551
0.898552
0.898553
0.898554
0.898555
0.898556
0.898557
0.898558
0.898559
0.89856
0.898561
0.898562
0.898563
0.898564
0.898565
0.898566
0.898567
0.898568
0.898569
0.89857
0.898571
0.898572
0.898573
0.898574
0.898575
0.898576
0.898577
0.898578
0.898579
0.89858
0.898581
0.898582
0.898583
0.898584
0.898585
0.898586
0.898587
0.898588
0.898589
0.89859
0.898591
0.898592
0.898593
0.898594
0.898595
0.898596
0.898597
0.898598
0.898599
0.8986
0.898601
0.898602
0.898603
0.898604
0.898605
0.898606
0.898607
0.898608
0.898609
0.89861
0.898611
0.898612
0.898613
0.898614
0.898615
0.898616
0.898617
0.898618
0.898619
0.89862
0.898621
0.898622
0.898623
0.898624
0.898625
0.898626
0.898627
0.898628
0.898629
0.89863
0.898631
0.898632
0.898633
0.898634
0.898635
0.898635
0.898636
0.898637
0.898638
0.898639
0.89864
0.898641
0.898642
0.898643
0.898644
0.898645
0.898646
0.898647
0.898648
0.898649
0.89865
0.898651
0.898652
0.898653
0.898654
0.898655
0.898656
0.898657
0.898658
0.898658
0.898659
0.89866
0.898661
0.898662
0.898663
0.898664
0.898665
0.898666
0.898667
0.898668
0.898669
0.89867
0.898671
0.898672
0.898673
0.898674
0.898675
0.898675
0.898676
0.898677
0.898678
0.898679
0.89868
0.898681
0.898682
0.898683
0.898684
0.898685
0.898686
0.898687
0.898688
0.898689
0.898689
0.89869
0.898691
0.898692
0.898693
0.898694
0.898695
0.898696
0.898697
0.898698
0.898699
0.8987
0.898701
0.898701
0.898702
0.898703
0.898704
0.898705
0.898706
0.898707
0.898708
0.898709
0.89871
0.898711
0.898712
0.898712
0.898713
0.898714
0.898715
0.898716
0.898717
0.898718
0.898719
0.89872
0.898721
0.898722
0.898722
0.898723
0.898724
0.898725
0.898726
0.898727
0.898728
0.898729
0.89873
0.898731
0.898731
0.898732
0.898733
0.898734
0.898735
0.898736
0.898737
0.898738
0.898739
0.89874
0.89874
0.898741
0.898742
0.898743
0.898744
0.898745
0.898746
0.898747
0.898748
0.898748
0.898749
0.89875
0.898751
0.898752
0.898753
0.898754
0.898755
0.898756
0.898756
0.898757
0.898758
0.898759
0.89876
0.898761
0.898762
0.898763
0.898763
0.898764
0.898765
0.898766
0.898767
0.898768
0.898769
0.89877
0.89877
0.898771
0.898772
0.898773
0.898774
0.898775
0.898776
0.898777
0.898777
0.898778
0.898779
0.89878
0.898781
0.898782
0.898783
0.898783
0.898784
0.898785
0.898786
0.898787
0.898788
0.898789
0.898789
0.89879
0.898791
0.898792
0.898793
0.898794
0.898795
0.898795
0.898796
0.898797
0.898798
0.898799
0.8988
0.898801
0.898801
0.898802
0.898803
0.898804
0.898805
0.898806
0.898807
0.898807
0.898808
0.898809
0.89881
0.898811
0.898812
0.898812
0.898813
0.898814
0.898815
0.898816
0.898817
0.898817
0.898818
0.898819
0.89882
0.898821
0.898822
0.898822
0.898823
0.898824
0.898825
0.898826
0.898827
0.898827
0.898828
0.898829
0.89883
0.898831
0.898832
0.898832
0.898833
0.898834
0.898835
0.898836
0.898837
0.898837
0.898838
0.898839
0.89884
0.898841
0.898842
0.898842
0.898843
0.898844
0.898845
0.898846
0.898846
0.898847
0.898848
0.898849
0.89885
0.898851
0.898851
0.898852
0.898853
0.898854
0.898855
0.898855
0.898856
0.898857
0.898858
0.898859
0.89886
0.89886
0.898861
0.898862
0.898863
0.898864
0.898864
0.898865
0.898866
0.898867
0.898868
0.898868
0.898869
0.89887
0.898871
0.898872
0.898872
0.898873
0.898874
0.898875
0.898876
0.898876
0.898877
0.898878
0.898879
0.89888
0.89888
0.898881
0.898882
0.898883
0.898884
0.898884
0.898885
0.898886
0.898887
0.898887
0.898888
0.898889
0.89889
0.898891
0.898891
0.898892
0.898893
0.898894
0.898895
0.898895
0.898896
0.898897
0.898898
0.898898
0.898899
0.8989
0.898901
0.898902
0.898902
0.898903
0.898904
0.898905
0.898906
0.898906
0.898907
0.898908
0.898909
0.898909
0.89891
0.898911
0.898912
0.898912
0.898913
0.898914
0.898915
0.898916
0.898916
0.898917
0.898918
0.898919
0.898919
0.89892
0.898921
0.898922
0.898922
0.898923
0.898924
0.898925
0.898926
0.898926
0.898927
0.898928
0.898929
0.898929
0.89893
0.898931
0.898932
0.898932
0.898933
0.898934
0.898935
0.898935
0.898936
0.898937
0.898938
0.898938
0.898939
0.89894
0.898941
0.898941
0.898942
0.898943
0.898944
0.898944
0.898945
0.898946
0.898947
0.898947
0.898948
0.898949
0.89895
0.89895
0.898951
0.898952
0.898953
0.898953
0.898954
0.898955
0.898956
0.898956
0.898957
0.898958
0.898959
0.898959
0.89896
0.898961
0.898962
0.898962
0.898963
0.898964
0.898965
0.898965
0.898966
0.898967
0.898967
0.898968
0.898969
0.89897
0.89897
0.898971
0.898972
0.898973
0.898973
0.898974
0.898975
0.898976
0.898976
0.898977
0.898978
0.898978
0.898979
0.89898
0.898981
0.898981
0.898982
0.898983
0.898984
0.898984
0.898985
0.898986
0.898986
0.898987
0.898988
0.898989
0.898989
0.89899
0.898991
0.898991
0.898992
0.898993
0.898994
0.898994
0.898995
0.898996
0.898996
0.898997
0.898998
0.898999
0.898999
0.899
0.899001
0.899001
0.899002
0.899003
0.899004
0.899004
0.899005
0.899006
0.899006
0.899007
0.899008
0.899008
0.899009
0.89901
0.899011
0.899011
0.899012
0.899013
0.899013
0.899014
0.899015
0.899016
0.899016
0.899017
0.899018
0.899018
0.899019
0.89902
0.89902
0.899021
0.899022
0.899023
0.899023
0.899024
0.899025
0.899025
0.899026
0.899027
0.899027
0.899028
0.899029
0.899029
0.89903
0.899031
0.899032
0.899032
0.899033
0.899034
0.899034
0.899035
0.899036
0.899036
0.899037
0.899038
0.899038
0.899039
0.89904
0.89904
0.899041
0.899042
0.899042
0.899043
0.899044
0.899045
0.899045
0.899046
0.899047
0.899047
0.899048
0.899049
0.899049
0.89905
0.899051
0.899051
0.899052
0.899053
0.899053
0.899054
0.899055
0.899055
0.899056
0.899057
0.899057
0.899058
0.899059
0.899059
0.89906
0.899061
0.899061
0.899062
0.899063
0.899063
0.899064
0.899065
0.899065
0.899066
0.899067
0.899067
0.899068
0.899069
0.899069
0.89907
0.899071
0.899071
0.899072
0.899073
0.899073
0.899074
0.899075
0.899075
0.899076
0.899077
0.899077
0.899078
0.899079
0.899079
0.89908
0.899081
0.899081
0.899082
0.899083
0.899083
0.899084
0.899084
0.899085
0.899086
0.899086
0.899087
0.899088
0.899088
0.899089
0.89909
0.89909
0.899091
0.899092
0.899092
0.899093
0.899094
0.899094
0.899095
0.899096
0.899096
0.899097
0.899097
0.899098
0.899099
0.899099
0.8991
0.899101
0.899101
0.899102
0.899103
0.899103
0.899104
0.899104
0.899105
0.899106
0.899106
0.899107
0.899108
0.899108
0.899109
0.89911
0.89911
0.899111
0.899111
0.899112
0.899113
0.899113
0.899114
0.899115
0.899115
0.899116
0.899117
0.899117
0.899118
0.899118
0.899119
0.89912
0.89912
0.899121
0.899122
0.899122
0.899123
0.899123
0.899124
0.899125
0.899125
0.899126
0.899127
0.899127
0.899128
0.899128
0.899129
0.89913
0.89913
0.899131
0.899132
0.899132
0.899133
0.899133
0.899134
0.899135
0.899135
0.899136
0.899136
0.899137
0.899138
0.899138
0.899139
0.89914
0.89914
0.899141
0.899141
0.899142
0.899143
0.899143
0.899144
0.899144
0.899145
0.899146
0.899146
0.899147
0.899147
0.899148
0.899149
0.899149
0.89915
0.89915
0.899151
0.899152
0.899152
0.899153
0.899154
0.899154
0.899155
0.899155
0.899156
0.899157
0.899157
0.899158
0.899158
0.899159
0.89916
0.89916
0.899161
0.899161
0.899162
0.899163
0.899163
0.899164
0.899164
0.899165
0.899166
0.899166
0.899167
0.899167
0.899168
0.899168
0.899169
0.89917
0.89917
0.899171
0.899171
0.899172
0.899173
0.899173
0.899174
0.899174
0.899175
0.899176
0.899176
0.899177
0.899177
0.899178
0.899179
0.899179
0.89918
0.89918
0.899181
0.899181
0.899182
0.899183
0.899183
0.899184
0.899184
0.899185
0.899186
0.899186
0.899187
0.899187
0.899188
0.899188
0.899189
0.89919
0.89919
0.899191
0.899191
0.899192
0.899192
0.899193
0.899194
0.899194
0.899195
0.899195
0.899196
0.899196
0.899197
0.899198
0.899198
0.899199
0.899199
0.8992
0.8992
0.899201
0.899202
0.899202
0.899203
0.899203
0.899204
0.899204
0.899205
0.899206
0.899206
0.899207
0.899207
0.899208
0.899208
0.899209
0.89921
0.89921
0.899211
0.899211
0.899212
0.899212
0.899213
0.899214
0.899214
0.899215
0.899215
0.899216
0.899216
0.899217
0.899217
0.899218
0.899219
0.899219
0.89922
0.89922
0.899221
0.899221
0.899222
0.899222
0.899223
0.899224
0.899224
0.899225
0.899225
0.899226
0.899226
0.899227
0.899227
0.899228
0.899229
0.899229
0.89923
0.89923
0.899231
0.899231
0.899232
0.899232
0.899233
0.899233
0.899234
0.899235
0.899235
0.899236
0.899236
0.899237
0.899237
0.899238
0.899238
0.899239
0.899239
0.89924
0.899241
0.899241
0.899242
0.899242
0.899243
0.899243
0.899244
0.899244
0.899245
0.899245
0.899246
0.899247
0.899247
0.899248
0.899248
0.899249
0.899249
0.89925
0.89925
0.899251
0.899251
0.899252
0.899252
0.899253
0.899253
0.899254
0.899255
0.899255
0.899256
0.899256
0.899257
0.899257
0.899258
0.899258
0.899259
0.899259
0.89926
0.89926
0.899261
0.899261
0.899262
0.899262
0.899263
0.899264
0.899264
0.899265
0.899265
0.899266
0.899266
0.899267
0.899267
0.899268
0.899268
0.899269
0.899269
0.89927
0.89927
0.899271
0.899271
0.899272
0.899272
0.899273
0.899273
0.899274
0.899275
0.899275
0.899276
0.899276
0.899277
0.899277
0.899278
0.899278
0.899279
0.899279
0.89928
0.89928
0.899281
0.899281
0.899282
0.899282
0.899283
0.899283
0.899284
0.899284
0.899285
0.899285
0.899286
0.899286
0.899287
0.899287
0.899288
0.899288
0.899289
0.899289
0.89929
0.89929
0.899291
0.899291
0.899292
0.899292
0.899293
0.899293
0.899294
0.899294
0.899295
0.899295
0.899296
0.899296
0.899297
0.899297
0.899298
0.899298
0.899299
0.899299
0.8993
0.8993
0.899301
0.899301
0.899302
0.899302
0.899303
0.899303
0.899304
0.899304
0.899305
0.899305
0.899306
0.899306
0.899307
0.899307
0.899308
0.899308
0.899309
0.899309
0.89931
0.89931
0.899311
0.899311
0.899312
0.899312
0.899313
0.899313
0.899314
0.899314
0.899315
0.899315
0.899316
0.899316
0.899317
0.899317
0.899318
0.899318
0.899319
0.899319
0.89932
0.89932
0.899321
0.899321
0.899322
0.899322
0.899323
0.899323
0.899324
0.899324
0.899325
0.899325
0.899326
0.899326
0.899327
0.899327
0.899327
0.899328
0.899328
0.899329
0.899329
0.89933
0.89933
0.899331
0.899331
0.899332
0.899332
0.899333
0.899333
0.899334
0.899334
0.899335
0.899335
0.899336
0.899336
0.899337
0.899337
0.899338
0.899338
0.899338
0.899339
0.899339
0.89934
0.89934
0.899341
0.899341
0.899342
0.899342
0.899343
0.899343
0.899344
0.899344
0.899345
0.899345
0.899346
0.899346
0.899346
0.899347
0.899347
0.899348
0.899348
0.899349
0.899349
0.89935
0.89935
0.899351
0.899351
0.899352
0.899352
0.899353
0.899353
0.899353
0.899354
0.899354
0.899355
0.899355
0.899356
0.899356
0.899357
0.899357
0.899358
0.899358
0.899359
0.899359
0.899359
0.89936
0.89936
0.899361
0.899361
0.899362
0.899362
0.899363
0.899363
0.899364
0.899364
0.899364
0.899365
0.899365
0.899366
0.899366
0.899367
0.899367
0.899368
0.899368
0.899369
0.899369
0.899369
0.89937
0.89937
0.899371
0.899371
0.899372
0.899372
0.899373
0.899373
0.899374
0.899374
0.899374
0.899375
0.899375
0.899376
0.899376
0.899377
0.899377
0.899378
0.899378
0.899378
0.899379
0.899379
0.89938
0.89938
0.899381
0.899381
0.899382
0.899382
0.899382
0.899383
0.899383
0.899384
0.899384
0.899385
0.899385
0.899386
0.899386
0.899386
0.899387
0.899387
0.899388
0.899388
0.899389
0.899389
0.899389
0.89939
0.89939
0.899391
0.899391
0.899392
0.899392
0.899393
0.899393
0.899393
0.899394
0.899394
0.899395
0.899395
0.899396
0.899396
0.899396
0.899397
0.899397
0.899398
0.899398
0.899399
0.899399
0.899399
0.8994
0.8994
0.899401
0.899401
0.899402
0.899402
0.899402
0.899403
0.899403
0.899404
0.899404
0.899405
0.899405
0.899405
0.899406
0.899406
0.899407
0.899407
0.899408
0.899408
0.899408
0.899409
0.899409
0.89941
0.89941
0.899411
0.899411
0.899411
0.899412
0.899412
0.899413
0.899413
0.899413
0.899414
0.899414
0.899415
0.899415
0.899416
0.899416
0.899416
0.899417
0.899417
0.899418
0.899418
0.899419
0.899419
0.899419
0.89942
0.89942
0.899421
0.899421
0.899421
0.899422
0.899422
0.899423
0.899423
0.899424
0.899424
0.899424
0.899425
0.899425
0.899426
0.899426
0.899426
0.899427
0.899427
0.899428
0.899428
0.899428
0.899429
0.899429
0.89943
0.89943
0.89943
0.899431
0.899431
0.899432
0.899432
0.899433
0.899433
0.899433
0.899434
0.899434
0.899435
0.899435
0.899435
0.899436
0.899436
0.899437
0.899437
0.899437
0.899438
0.899438
0.899439
0.899439
0.899439
0.89944
0.89944
0.899441
0.899441
0.899441
0.899442
0.899442
0.899443
0.899443
0.899443
0.899444
0.899444
0.899445
0.899445
0.899445
0.899446
0.899446
0.899447
0.899447
0.899447
0.899448
0.899448
0.899449
0.899449
0.899449
0.89945
0.89945
0.899451
0.899451
0.899451
0.899452
0.899452
0.899453
0.899453
0.899453
0.899454
0.899454
0.899454
0.899455
0.899455
0.899456
0.899456
0.899456
0.899457
0.899457
0.899458
0.899458
0.899458
0.899459
0.899459
0.89946
0.89946
0.89946
0.899461
0.899461
0.899461
0.899462
0.899462
0.899463
0.899463
0.899463
0.899464
0.899464
0.899465
0.899465
0.899465
0.899466
0.899466
0.899467
0.899467
0.899467
0.899468
0.899468
0.899468
0.899469
0.899469
0.89947
0.89947
0.89947
0.899471
0.899471
0.899471
0.899472
0.899472
0.899473
0.899473
0.899473
0.899474
0.899474
0.899474
0.899475
0.899475
0.899476
0.899476
0.899476
0.899477
0.899477
0.899477
0.899478
0.899478
0.899479
0.899479
0.899479
0.89948
0.89948
0.89948
0.899481
0.899481
0.899482
0.899482
0.899482
0.899483
0.899483
0.899483
0.899484
0.899484
0.899485
0.899485
0.899485
0.899486
0.899486
0.899486
0.899487
0.899487
0.899488
0.899488
0.899488
0.899489
0.899489
0.899489
0.89949
0.89949
0.89949
0.899491
0.899491
0.899492
0.899492
0.899492
0.899493
0.899493
0.899493
0.899494
0.899494
0.899494
0.899495
0.899495
0.899496
0.899496
0.899496
0.899497
0.899497
0.899497
0.899498
0.899498
0.899498
0.899499
0.899499
0.8995
0.8995
0.8995
0.899501
0.899501
0.899501
0.899502
0.899502
0.899502
0.899503
0.899503
0.899503
0.899504
0.899504
0.899505
0.899505
0.899505
0.899506
0.899506
0.899506
0.899507
0.899507
0.899507
0.899508
0.899508
0.899508
0.899509
0.899509
0.89951
0.89951
0.89951
0.899511
0.899511
0.899511
0.899512
0.899512
0.899512
0.899513
0.899513
0.899513
0.899514
0.899514
0.899514
0.899515
0.899515
0.899515
0.899516
0.899516
0.899517
0.899517
0.899517
0.899518
0.899518
0.899518
0.899519
0.899519
0.899519
0.89952
0.89952
0.89952
0.899521
0.899521
0.899521
0.899522
0.899522
0.899522
0.899523
0.899523
0.899523
0.899524
0.899524
0.899524
0.899525
0.899525
0.899525
0.899526
0.899526
0.899527
0.899527
0.899527
0.899528
0.899528
0.899528
0.899529
0.899529
0.899529
0.89953
0.89953
0.89953
0.899531
0.899531
0.899531
0.899532
0.899532
0.899532
0.899533
0.899533
0.899533
0.899534
0.899534
0.899534
0.899535
0.899535
0.899535
0.899536
0.899536
0.899536
0.899537
0.899537
0.899537
0.899538
0.899538
0.899538
0.899539
0.899539
0.899539
0.89954
0.89954
0.89954
0.899541
0.899541
0.899541
0.899542
0.899542
0.899542
0.899543
0.899543
0.899543
0.899544
0.899544
0.899544
0.899545
0.899545
0.899545
0.899546
0.899546
0.899546
0.899547
0.899547
0.899547
0.899547
0.899548
0.899548
0.899548
0.899549
0.899549
0.899549
0.89955
0.89955
0.89955
0.899551
0.899551
0.899551
0.899552
0.899552
0.899552
0.899553
0.899553
0.899553
0.899554
0.899554
0.899554
0.899555
0.899555
0.899555
0.899556
0.899556
0.899556
0.899557
0.899557
0.899557
0.899557
0.899558
0.899558
0.899558
0.899559
0.899559
0.899559
0.89956
0.89956
0.89956
0.899561
0.899561
0.899561
0.899562
0.899562
0.899562
0.899563
0.899563
0.899563
0.899563
0.899564
0.899564
0.899564
0.899565
0.899565
0.899565
0.899566
0.899566
0.899566
0.899567
0.899567
0.899567
0.899568
0.899568
0.899568
0.899568
0.899569
0.899569
0.899569
0.89957
0.89957
